179.833333333 130.583333333 1.0171174339679354 0.6934618704380455 0.878540756583964
187.541666667 190.875 0.9399445890098961 0.33873121258519656 0.37166894838391246
120.56 148.8 1.0187097980838549 0.6913502066757268 0.8783209548617148
52.6666666667 176.377777778 1.0095780773616518 0.7407879780468907 0.9020664432773673
140.434782609 113.434782609 1.0171174339679354 0.6934618704380455 0.878540756583964
178.787878788 251.060606061 1.0196239166587409 1.002810077915027 1.0012212130077016
58.4285714286 53.2857142857 1.0210170852363836 0.6895088715882782 0.8785442065041481
84.7450980392 117.431372549 1.0210170852363836 0.6895088715882782 0.8785442065041481
50.6666666667 216.444444444 1.0230256995459508 1.0086638735578104 1.0039226971012323
204.226086957 105.695652174 1.0229118024240544 0.9968564097343499 0.9960773695604758
70.4390243902 29.3902439024 1.0140298618961403 0.6915903098026447 0.8801816586743194
221.0 204.666666667 1.0211721236269784 0.7407925066016843 0.8824161833683408
163.15 98.7333333333 1.0204378653818544 0.5553601581390689 0.8236740541154288
13.4561403509 10.6140350877 1.0230256995459508 1.0086638735578104 1.0039226971012323
248.714285714 199.5 1.0230256995459508 1.0086638735578104 1.0039226971012323
111.0 143.8 1.0171174339679354 0.6934618704380455 0.878540756583964
135.36 251.56 1.0113531089994863 1.0086824484277397 1.0039239960444835
67.8333333333 251.166666667 1.01832080683011 1.0059841273336014 1.0025482305781646
197.196721311 42.0491803279 1.0129647205986199 0.6619358338003826 0.8510696623730631
53.525 185.925 1.0144696831028217 1.0031968147177197 1.0020628154304114
191.428571429 85.380952381 1.0210170852363836 0.6895088715882782 0.8785442065041481
188.2 40.6 1.0171174339679354 0.6934618704380455 0.878540756583964
181.766666667 4.1 1.0230256995459508 1.0086638735578104 1.0039226971012323
206.965517241 114.034482759 1.0230256995459508 1.0086638735578104 1.0039226971012323
218.6 164.475 1.0230256995459508 1.0086638735578104 1.0039226971012323
71.8301886792 168.58490566 1.0212571627385112 0.7447218278026616 0.8942005605571411
229.50877193 206.175438596 1.0230056956525508 1.0047252373088749 1.0039272786735287
154.1 252.4 1.0177889132032192 1.0052372530614675 0.9997519374113913
209.787610619 247.123893805 1.0230256995459508 1.0086638735578104 1.0039226971012323
122.5 106.576923077 1.0171174339679354 0.6934618704380455 0.878540756583964
174.126760563 19.4225352113 1.0143373802319209 1.0051886737342983 0.9999988665424949
132.111111111 30.7222222222 0.9183988012236232 0.575372716928013 0.7686654059891338
189.5 34.625 1.0171174339679354 0.6934618704380455 0.878540756583964
165.666666667 251.80952381 1.0203767605036473 1.003250059862695 0.9993635555669446
166.75 55.0625 1.0171174339679354 0.6934618704380455 0.878540756583964
63.0 231.5 0.8925104047369764 0.21251820933848659 0.25361447683192057
192.0 116.5 1.0210170852363836 0.6895088715882782 0.8785442065041481
131.306122449 44.1836734694 1.0171174339679354 0.6934618704380455 0.878540756583964
175.65 103.05 1.0204378653818544 0.5553601581390689 0.8236740541154288
98.5757575758 162.818181818 0.9399445890098961 0.33873121258519656 0.37166894838391246
108.133333333 167.733333333 0.9399445890098961 0.33873121258519656 0.37166894838391246
65.7777777778 171.259259259 1.005583883245829 0.7368659709714364 0.8902831878064096
101.0 179.533333333 0.9399445890098961 0.33873121258519656 0.37166894838391246
122.153846154 179.738461538 0.9399445890098961 0.33873121258519656 0.37166894838391246
151.909090909 16.8181818182 1.0171174339679354 0.6934618704380455 0.878540756583964
76.1428571429 28.7142857143 1.0155328837248676 0.6919645887215744 0.8790772781047497
163.269230769 158.653846154 0.9340780762945284 0.5674318779814076 0.7765302856963776
134.833333333 9.0 1.0230256995459508 1.0086638735578104 1.0039226971012323
136.0 67.8 1.0132088161727413 0.6934689054925515 0.8785416575705731
77.0222222222 191.288888889 0.9399445890098961 0.33873121258519656 0.37166894838391246
32.6545454545 178.418181818 1.0230256995459508 1.0086638735578104 1.0039226971012323
192.5 42.5 1.0171174339679354 0.6934618704380455 0.878540756583964
68.2941176471 178.725490196 1.0074631906664768 1.0086886263854402 1.0039244231942817
64.6860465116 190.558139535 1.0230256995459508 1.0086638735578104 1.0039226971012323
192.662162162 129.391891892 0.9497015620471291 0.5674085151646384 0.772595589612173
186.913043478 87.0217391304 1.0171174339679354 0.6934618704380455 0.878540756583964
235.133333333 167.666666667 1.0230256995459508 1.0086638735578104 1.0039226971012323
146.6875 147.6875 1.0171174339679354 0.6934618704380455 0.878540756583964
160.197530864 249.592592593 1.0074631906664768 1.0086886263854402 1.0039244231942817
115.5 223.181818182 0.9399445890098961 0.33873121258519656 0.37166894838391246
161.483870968 3.03225806452 1.0229858450131537 1.0007865190958927 1.0039318543064677
161.013888889 110.597222222 1.0204378653818544 0.5553601581390689 0.8236740541154288
210.423076923 181.461538462 1.0230256995459508 1.0086638735578104 1.0039226971012323
245.733333333 146.533333333 1.0230256995459508 1.0086638735578104 1.0039226971012323
196.524590164 93.9344262295 0.9806335933479152 0.6328244009615626 0.8264033449579952
180.357142857 31.2857142857 0.9341017802047762 0.5792803813820329 0.7765166760720877
205.670658683 84.2994011976 1.0230256995459508 1.0086638735578104 1.0039226971012323
211.611111111 214.25 1.0054941124660361 0.7408311756591084 0.8745600065067953
68.75 194.625 0.8846635275618194 0.22828690547073427 0.26938477782402026
217.866666667 234.466666667 1.0230256995459508 1.0086638735578104 1.0039226971012323
202.430555556 71.1805555556 1.0230256995459508 1.0086638735578104 1.0039226971012323
156.6 231.933333333 0.9399445890098961 0.33873121258519656 0.37166894838391246
65.380952381 84.0761904762 1.0230256995459508 1.0086638735578104 1.0039226971012323
76.5 60.0 0.9675226807047249 0.6196335767931967 0.817782047298078
186.4 29.2666666667 0.959888434604503 0.6356699346442243 0.8171446594612491
35.6666666667 34.1666666667 1.0230256995459508 1.0086638735578104 1.0039226971012323
59.625 183.0 1.0166652245778691 1.00447537162141 0.9978973980837172
84.0 230.434782609 0.9399445890098961 0.33873121258519656 0.37166894838391246
216.512195122 8.36585365854 1.0230256995459508 1.0086638735578104 1.0039226971012323
198.263157895 159.947368421 1.0230256995459508 1.0086638735578104 1.0039226971012323
38.1428571429 173.571428571 0.9666336860831152 0.7882244358595426 0.8784412907168875
15.2222222222 173.066666667 1.0230256995459508 1.0086638735578104 1.0039226971012323
71.9491525424 215.576271186 0.9399445890098961 0.33873121258519656 0.37166894838391246
156.097560976 124.682926829 1.0171174339679354 0.6934618704380455 0.878540756583964
209.285714286 175.142857143 1.0142370837819024 0.8666575776289859 0.9417760861798943
125.514705882 155.088235294 1.0171174339679354 0.6934618704380455 0.878540756583964
48.3333333333 78.6666666667 1.0230256995459508 1.0086638735578104 1.0039226971012323
155.0 21.5555555556 1.0171174339679354 0.6934618704380455 0.878540756583964
120.368421053 61.1052631579 1.0171174339679354 0.6934618704380455 0.878540756583964
125.886363636 43.5681818182 0.9855463591680286 0.6619967308703364 0.8432169985233967
200.441860465 5.58139534884 1.0230256995459508 1.0086638735578104 1.0039226971012323
203.245283019 184.886792453 1.0111412329159106 0.9890062408465733 0.9882287652054677
188.573333333 150.56 1.0229858450131537 1.0007865190958927 1.0039318543064677
173.555555556 7.66666666667 1.0230256995459508 1.0086638735578104 1.0039226971012323
197.777777778 145.851851852 1.0230256995459508 1.0086638735578104 1.0039226971012323
175.333333333 44.0 0.9735642636865868 0.621972470412563 0.8199809873061633
191.181818182 214.090909091 0.9399445890098961 0.33873121258519656 0.37166894838391246
101.394736842 242.298245614 0.9399445890098961 0.33873121258519656 0.37166894838391246
201.068181818 240.431818182 0.864989201632158 0.2243520968365455 0.2694107900614145
155.8 16.8 1.0210170852363836 0.6895088715882782 0.8785442065041481
122.829787234 82.5531914894 1.0171174339679354 0.6934618704380455 0.878540756583964
173.0 252.2 1.0172967216755489 0.7250048150933116 0.8942235748652979
150.307692308 38.3846153846 0.9809478017729115 0.6351100276355598 0.8371937299827761
216.382352941 175.529411765 1.0018167292924274 0.7486859768844695 0.9059885719207968
133.867346939 182.87755102 0.9399445890098961 0.33873121258519656 0.37166894838391246
58.1724137931 64.3793103448 0.9497829198293973 0.571340480712236 0.7843812762578136
41.9166666667 71.5972222222 1.0230256995459508 1.0086638735578104 1.0039226971012323
63.4545454545 179.0 1.0191343701646003 1.0086700718350718 1.0039231330035823
53.6086956522 42.0 1.0210417741036468 0.6895035211737565 0.8824736669351131
56.1111111111 164.444444444 1.0230256995459508 1.0086638735578104 1.0039226971012323
209.555555556 233.777777778 1.0226412264220062 0.9850740645511097 0.964653670299637
215.266666667 221.333333333 1.0229389001874538 0.996852073725523 1.0000069167095373
61.6981132075 33.6603773585 1.0209834140034404 0.6855681288125348 0.8746190607299568
106.555555556 28.3888888889 1.0210357126577787 0.6974007035033775 0.8785354808235853
33.4871794872 197.282051282 1.0230256995459508 1.0086638735578104 1.0039226971012323
81.7421875 106.03125 1.001379583673365 0.6816679819628272 0.866768963294284
164.136363636 70.2727272727 1.0171174339679354 0.6934618704380455 0.878540756583964
69.7567567568 207.117117117 0.9399309404512951 0.34268827561820575 0.36378467033421497
36.4897959184 89.3265306122 1.0230256995459508 1.0086638735578104 1.0039226971012323
175.4 156.28 0.9458591195211891 0.4630286614634698 0.5836660191330363
90.75 166.375 0.9399445890098961 0.33873121258519656 0.37166894838391246
186.888888889 251.888888889 1.0191343701646003 1.0086700718350718 1.0039231330035823
25.6341463415 161.731707317 1.0230256995459508 1.0086638735578104 1.0039226971012323
34.3333333333 28.9487179487 1.0230256995459508 1.0086638735578104 1.0039226971012323
70.6740740741 117.422222222 1.0230256995459508 1.0086638735578104 1.0039226971012323
219.709677419 240.806451613 1.0230256995459508 1.0086638735578104 1.0039226971012323
164.929411765 165.894117647 0.9396886400713161 0.3402214398311902 0.3727157908467518
13.28 33.0 1.0230256995459508 1.0086638735578104 1.0039226971012323
176.72 113.8 1.0204378653818544 0.5553601581390689 0.8236740541154288
200.210526316 94.6315789474 1.0230056956525508 1.0047252373088749 1.0039272786735287
185.512195122 53.7317073171 1.0053732622185956 0.685590839904786 0.8785521980334006
25.5714285714 181.535714286 1.0230256995459508 1.0086638735578104 1.0039226971012323
236.6 87.58 1.0230256995459508 1.0086638735578104 1.0039226971012323
175.610169492 151.915254237 0.9378338766697373 0.5635099941904294 0.7529524500749837
47.9295774648 44.5492957746 0.9184859220804742 0.5793042206011639 0.7804511524958313
237.804347826 219.173913043 1.0230256995459508 1.0086638735578104 1.0039226971012323
75.1043478261 182.826086957 0.9198942246578494 0.2948845342676287 0.324077501613475
166.583333333 237.305555556 0.9399445890098961 0.33873121258519656 0.37166894838391246
208.363636364 46.7727272727 1.0230256995459508 1.0086638735578104 1.0039226971012323
37.1052631579 44.1666666667 1.0230256995459508 1.0086638735578104 1.0039226971012323
52.8773584906 74.4150943396 1.0230256995459508 1.0086638735578104 1.0039226971012323
57.296969697 248.654545455 1.0230256995459508 1.0086638735578104 1.0039226971012323
187.684210526 237.421052632 0.9399445890098961 0.33873121258519656 0.37166894838391246
110.135135135 10.6486486486 1.0230256995459508 1.0086638735578104 1.0039226971012323
198.333333333 84.6666666667 1.02288888772426 0.9810916810616513 1.0039546406620121
152.647058824 240.779411765 0.9399445890098961 0.33873121258519656 0.37166894838391246
227.25 227.425 1.0230256995459508 1.0086638735578104 1.0039226971012323
199.467532468 199.233766234 0.9250066641121995 0.3135108931685809 0.3405721209057288
195.136363636 14.1363636364 1.0230256995459508 1.0086638735578104 1.0039226971012323
59.5 235.807692308 1.022931567820219 1.0007951724272526 0.9960727682711187
121.5 116.75 1.0171174339679354 0.6934618704380455 0.878540756583964
115.666666667 150.055555556 1.0171174339679354 0.6934618704380455 0.878540756583964
67.5 61.5 1.0092658075078405 0.6895353291021931 0.8746174335004211
161.0 24.1428571429 1.021100804470227 0.6934387888352006 0.8903281555353033
146.266666667 254.4 1.0178210048365566 1.0066388406881697 0.9998506512956421
121.777777778 31.5 1.0067994532167523 0.6812762364643155 0.873734430612225
222.36 217.28 1.009556086848241 0.7328983477567826 0.902075291368273
206.029411765 236.558823529 0.9003907846697007 0.2203963640812685 0.26148749407006816
222.543478261 178.391304348 1.0094428745019492 0.7289743965680701 0.8863617600607518
94.6111111111 10.7222222222 1.0230256995459508 1.0086638735578104 1.0039226971012323
192.617647059 166.352941176 0.9899476567156308 0.7408443136275686 0.8863522710976256
127.0 158.0 1.0131744411507382 0.6895282736259918 0.874616527433006
100.5625 117.203125 1.0210079677486747 0.6855627804579403 0.8785485471318997
173.033707865 146.269662921 1.0144715315986164 0.6913831309329035 0.8804140117916709
180.058823529 101.25 1.0204378653818544 0.5553601581390689 0.8236740541154288
96.1594202899 249.47826087 1.0074631906664768 1.0086886263854402 1.0039244231942817
193.653465347 64.6138613861 1.0140353939468794 1.0009715924915699 0.9995399191362323
193.636363636 160.886363636 1.0230256995459508 1.0086638735578104 1.0039226971012323
172.05 139.45 1.0171174339679354 0.6934618704380455 0.878540756583964
133.782608696 16.8260869565 1.0191343701646003 1.0086700718350718 1.0039231330035823
133.363636364 144.818181818 1.0171174339679354 0.6934618704380455 0.878540756583964
214.35 53.9333333333 1.0230256995459508 1.0086638735578104 1.0039226971012323
78.9298245614 73.2807017544 1.0171174339679354 0.6934618704380455 0.878540756583964
81.5833333333 27.1458333333 1.0210170852363836 0.6895088715882782 0.8785442065041481
203.0 134.5 1.0230256995459508 1.0086638735578104 1.0039226971012323
226.5 222.5 1.022946603181257 0.9929088347823213 1.003940987445331
83.7962962963 126.611111111 1.0171174339679354 0.6934618704380455 0.878540756583964
134.432432432 238.27027027 0.9399445890098961 0.33873121258519656 0.37166894838391246
182.379310345 74.275862069 1.015296615378415 0.6916267305984876 0.878733814241956
108.666666667 248.515151515 1.0208022737364753 0.7171883004160249 0.8313546542373759
127.0 37.0 1.0131744411507382 0.6895282736259918 0.874616527433006
144.52173913 87.7391304348 1.0171174339679354 0.6934618704380455 0.878540756583964
140.736842105 217.245614035 0.9399445890098961 0.33873121258519656 0.37166894838391246
203.3 171.45 1.0212682086439766 0.7486662954337552 0.8941960870534136
175.0 164.818181818 0.9346271900300072 0.34150229670005305 0.3768289776643017
156.222222222 26.0 1.0171174339679354 0.6934618704380455 0.878540756583964
95.5 112.0 1.0209989802032566 0.6816165721455902 0.8785528727506967
173.470588235 93.5098039216 1.0204378653818544 0.5553601581390689 0.8236740541154288
119.285714286 250.380952381 1.0191343701646003 1.0086700718350718 1.0039231330035823
214.678571429 36.1428571429 1.0230256995459508 1.0086638735578104 1.0039226971012323
200.620689655 20.9655172414 1.0230256995459508 1.0086638735578104 1.0039226971012323
77.3857142857 20.6142857143 0.9301667757950315 0.5674392265131285 0.7765314219338055
91.75 253.5 1.0147905353100677 1.0047546424822986 1.0026191402863116
233.933333333 214.1 1.0114991384796772 0.8782909243166884 0.9454935488043626
40.5555555556 12.6984126984 1.0230256995459508 1.0086638735578104 1.0039226971012323
56.1012658228 211.303797468 1.0230256995459508 1.0086638735578104 1.0039226971012323
150.911111111 80.8222222222 1.0132088161727413 0.6934689054925515 0.8785416575705731
226.473684211 211.947368421 1.02277757661698 0.9574550652925292 1.0039817717987387
86.9649122807 15.7543859649 1.0230256995459508 1.0086638735578104 1.0039226971012323
207.636363636 163.977272727 1.0124421926537492 1.0047621215043918 0.9985267085049493
90.7368421053 145.684210526 0.9457288343164257 0.5476722011931685 0.768688954091119
141.083333333 58.3055555556 0.02902785707070021 0.018717013710333574 0.0049289708605765765
158.676470588 37.3529411765 0.9341529310128573 0.5792685685959867 0.78437680241232
146.565217391 13.152173913 0.9340275303958159 0.5674437421249303 0.7686700768477909
205.25 168.666666667 0.9741591403441198 0.7369597962655567 0.8627815684812274
51.03125 62.6875 1.022946603181257 0.9929088347823213 1.003940987445331
192.25 105.454545455 1.0093162128354514 0.6895245221980104 0.8824763828771737
90.0 116.5 1.0132088161727413 0.6934689054925515 0.8785416575705731
196.058823529 35.1764705882 0.9735106431257549 0.620994144200179 0.8196076978075483
179.285714286 17.5714285714 1.0230256995459508 1.0086638735578104 1.0039226971012323
234.7 203.366666667 1.0230256995459508 1.0086638735578104 1.0039226971012323
130.345238095 163.321428571 0.9526313014999043 0.4480363895034591 0.553252017685354
195.686567164 184.820895522 0.9126427209257489 0.27329093174227653 0.30688916373138525
207.962962963 171.518518519 1.009487247520456 0.7447532689176557 0.8863437678529016
187.680851064 113.212765957 1.0210079677486747 0.6855627804579403 0.8785485471318997
75.6428571429 63.2857142857 1.0092658075078405 0.6895353291021931 0.8746174335004211
217.136363636 192.181818182 1.0170028693408595 1.0060924630251067 0.998567892078556
205.444444444 180.0 1.0191343701646003 1.0086700718350718 1.0039231330035823
200.294117647 176.196078431 1.0074631906664768 1.0086886263854402 1.0039244231942817
65.4285714286 168.142857143 1.0218523590322532 0.8432495717034364 0.9373127821727667
154.625 39.125 0.9419671066951618 0.5753044972768662 0.7843790784918355
139.407407407 11.1728395062 1.0113531089994863 1.0086824484277397 1.0039239960444835
155.333333333 48.3333333333 1.0171580117238224 0.6895051110660408 0.8864039903758868
186.403846154 68.7115384615 0.9645876794967799 0.636544433595224 0.819460878562065
198.942528736 138.275862069 1.0191343701646003 1.0086700718350718 1.0039231330035823
222.780487805 153.219512195 1.0230256995459508 1.0086638735578104 1.0039226971012323
194.636363636 235.590909091 0.9399445890098961 0.33873121258519656 0.37166894838391246
46.5238095238 37.6666666667 1.0229858450131537 1.0007865190958927 1.0039318543064677
130.461538462 24.5897435897 1.0229858450131537 1.0007865190958927 1.0039318543064677
68.9508196721 15.1803278689 1.0230256995459508 1.0086638735578104 1.0039226971012323
174.142857143 131.785714286 1.0171174339679354 0.6934618704380455 0.878540756583964
81.7857142857 128.971428571 0.9261379601198596 0.5595708498185722 0.7608211349059258
84.2580645161 172.774193548 0.9399445890098961 0.33873121258519656 0.37166894838391246
142.483516484 241.351648352 0.9399445890098961 0.33873121258519656 0.37166894838391246
139.4 252.866666667 1.0113531089994863 1.0086824484277397 1.0039239960444835
217.647058824 187.137254902 1.0230256995459508 1.0086638735578104 1.0039226971012323
183.431818182 168.363636364 0.9353779881784295 0.3331543702066343 0.368437821362713
166.653846154 16.7115384615 0.9144977315940315 0.5911829482065745 0.7647174983330036
203.055555556 160.833333333 1.0230256995459508 1.0086638735578104 1.0039226971012323
209.0 200.84375 1.0229514865517766 1.004733852834728 0.9960681609912684
14.4 217.75 1.0230256995459508 1.0086638735578104 1.0039226971012323
58.619047619 220.25 1.0230056956525508 1.0047252373088749 1.0039272786735287
240.8 19.7 1.0230256995459508 1.0086638735578104 1.0039226971012323
218.777777778 246.666666667 1.0230256995459508 1.0086638735578104 1.0039226971012323
174.25 162.95 0.9367381595513582 0.34857470449875977 0.38712783699941683
203.8125 217.1875 0.8964363632769062 0.21252193622547394 0.24571741251681872
173.341463415 29.8536585366 1.0229661475503475 0.9968477184204637 1.0039364239229611
137.0 3.06666666667 1.0230256995459508 1.0086638735578104 1.0039226971012323
216.339622642 216.849056604 1.0016926568980031 0.7329229848513114 0.8942179998432758
182.388888889 43.7222222222 1.0171174339679354 0.6934618704380455 0.878540756583964
65.2142857143 241.042857143 0.8767941777545213 0.22829136356588586 0.2693931761585702
99.1363636364 27.1136363636 1.0209925524901715 0.6895141947083315 0.874614701457009
53.3369565217 229.641304348 1.0230256995459508 1.0086638735578104 1.0039226971012323
163.085714286 25.8571428571 0.9418443782412802 0.5634793379854525 0.7686722914233189
152.136363636 11.0454545455 0.9698510937027082 0.6166252345597623 0.8174869191683092
66.1688311688 223.61038961 0.9241229270976887 0.30322652927493216 0.33233055386093674
183.771428571 140.985714286 0.9789084566062892 0.6264581172309089 0.8257676573862617
237.0 197.875 1.0230256995459508 1.0086638735578104 1.0039226971012323
146.409836066 249.016393443 1.0229118024240544 0.9968564097343499 0.9960773695604758
215.735294118 205.0 1.0211966789854945 0.7407874461196812 0.8863458410181748
111.843137255 19.5490196078 1.0191343701646003 1.0086700718350718 1.0039231330035823
87.2352941176 246.352941176 1.0074631906664768 1.0086886263854402 1.0039244231942817
146.611111111 108.111111111 1.0171174339679354 0.6934618704380455 0.878540756583964
48.2666666667 166.2 1.0191343701646003 1.0086700718350718 1.0039231330035823
94.1 133.8 1.0171174339679354 0.6934618704380455 0.878540756583964
94.2666666667 157.2 0.9438764825140157 0.3387253132028171 0.37166596580132744
142.815789474 23.3421052632 0.9744050587601861 0.6294893198533861 0.8249899874454256
57.6875 26.4375 0.9223958060611454 0.5792967623651296 0.7804500643488352
202.0 228.981132075 0.9399445890098961 0.33873121258519656 0.37166894838391246
234.80952381 50.6666666667 1.0230256995459508 1.0086638735578104 1.0039226971012323
221.472727273 207.309090909 0.9899887289964634 0.7368890557182016 0.8942159178513438
175.382978723 233.553191489 0.9399445890098961 0.33873121258519656 0.37166894838391246
87.8461538462 31.0 1.0210170852363836 0.6895088715882782 0.8785442065041481
97.2037037037 148.814814815 0.9419168001654286 0.5753162610869494 0.7765189797899431
185.423076923 179.807692308 0.9399445890098961 0.33873121258519656 0.37166894838391246
63.873015873 22.1111111111 0.9145947498860472 0.5990630495306287 0.7764988597007328
207.391304348 192.492753623 1.0113531089994863 1.0086824484277397 1.0039239960444835
96.5 52.0 1.0171174339679354 0.6934618704380455 0.878540756583964
44.2363636364 176.490909091 0.9977302672457172 0.7487293020903644 0.8784821916276865
101.46031746 17.1904761905 1.0230256995459508 1.0086638735578104 1.0039226971012323
220.0 222.0 1.0229661475503475 0.9968477184204637 1.0039364239229611
129.0 54.65625 1.0014302431477964 0.6816570920038073 0.8746280061070201
52.0238095238 126.833333333 1.0230256995459508 1.0086638735578104 1.0039226971012323
172.258064516 248.935483871 1.021179037285959 0.7250030045673941 0.8902932396776857
91.3333333333 241.0 0.9399445890098961 0.33873121258519656 0.37166894838391246
111.0 140.0 1.0171174339679354 0.6934618704380455 0.878540756583964
201.333333333 251.285714286 1.0184337826630836 1.0059730585591826 1.0026956475629178
139.444444444 48.0 0.9856132226100639 0.6580332800688945 0.855010412947342
231.95 175.425 1.0212323206888019 0.7447269161792238 0.8902709743129031
76.4519230769 91.2307692308 1.02288888772426 0.9810916810616513 1.0039546406620121
188.2 124.44 1.0171174339679354 0.6934618704380455 0.878540756583964
74.1052631579 155.105263158 1.0230256995459508 1.0086638735578104 1.0039226971012323
131.678571429 248.660714286 1.0228978747930342 1.0047423915701779 0.9882088816097417
135.586206897 124.862068966 1.0209410877533334 0.67768101729773 0.8706982401153707
127.388888889 18.8055555556 1.0230256995459508 1.0086638735578104 1.0039226971012323
179.5 163.5 0.9438457593268487 0.33873714404621674 0.35590766739209134
187.666666667 12.3333333333 1.0230256995459508 1.0086638735578104 1.0039226971012323
125.970588235 236.029411765 0.9399445890098961 0.33873121258519656 0.37166894838391246
229.307692308 195.692307692 1.0230056956525508 1.0047252373088749 1.0039272786735287
68.0625 232.4375 0.9438729348857222 0.34663019757373725 0.3677156064823059
176.018181818 241.909090909 0.9399445890098961 0.33873121258519656 0.37166894838391246
23.4302325581 123.38372093 1.0230256995459508 1.0086638735578104 1.0039226971012323
133.25 39.5 1.0171174339679354 0.6934618704380455 0.878540756583964
209.1875 229.6875 1.0221848941523577 0.9260119386929777 0.9372153236278973
146.490196078 61.7450980392 0.9777759311772615 0.7972852276026948 0.8870399723886809
73.1904761905 146.666666667 1.0230256995459508 1.0086638735578104 1.0039226971012323
99.6923076923 253.653846154 1.0191343701646003 1.0086700718350718 1.0039231330035823
107.876033058 151.619834711 0.9756840200090965 0.6071198918048464 0.7922626810678165
56.0714285714 195.857142857 1.0230256995459508 1.0086638735578104 1.0039226971012323
168.0 213.692307692 0.9399445890098961 0.33873121258519656 0.37166894838391246
78.125 150.0 1.0230256995459508 1.0086638735578104 1.0039226971012323
221.561403509 169.0 1.0137962610500382 1.0028548339040046 0.9992882779808857
58.9512195122 47.3902439024 1.013215151958535 0.6855713680716634 0.8824798182228928
102.058823529 4.72549019608 1.0230256995459508 1.0086638735578104 1.0039226971012323
32.78 167.1 1.0230256995459508 1.0086638735578104 1.0039226971012323
70.6666666667 190.833333333 0.8885815051771491 0.2204031288915752 0.25755506269102807
167.964285714 80.1071428571 1.0171174339679354 0.6934618704380455 0.878540756583964
67.865248227 73.4042553191 0.9420105068877813 0.5713430278029685 0.7922433980763937
250.473684211 171.578947368 1.0230256995459508 1.0086638735578104 1.0039226971012323
92.4246575342 23.4931506849 0.9737970084618991 0.6259018831116576 0.8241412418589293
230.0625 217.34375 0.9977498417549607 0.7289904057649415 0.8902937675449842
229.0 163.857142857 1.0230256995459508 1.0086638735578104 1.0039226971012323
185.192307692 130.384615385 1.0161262292165576 0.6902965732712748 0.8770375217133912
182.744680851 159.255319149 0.9067687828535245 0.267076973428292 0.2999570199375402
163.875 242.375 0.8728717725550069 0.23223490617819786 0.27728071888058
69.64 20.92 0.9566371095778975 0.5986317847000838 0.8018391052830354
114.964285714 30.1071428571 1.0209410877533334 0.67768101729773 0.8706982401153707
197.0 60.3333333333 1.0153282987736583 1.0068493148921698 1.0023544104707218
210.714285714 183.0 1.01868914222466 1.006054858570443 0.9989770322689903
74.7610619469 134.389380531 1.0229514865517766 1.004733852834728 0.9960681609912684
72.5384615385 236.897435897 0.9399445890098961 0.33873121258519656 0.37166894838391246
73.5925925926 140.925925926 1.0230056956525508 1.0047252373088749 1.0039272786735287
193.158730159 28.2698412698 0.9417308374026417 0.5674577583851638 0.7490162359418527
225.80952381 219.666666667 1.0172785334321026 0.7368498805856419 0.8863511516291712
93.26 140.08 1.0209989802032566 0.6816165721455902 0.8785528727506967
57.4423076923 59.6538461538 0.9810883309009496 0.636951976949258 0.834803533192575
226.037037037 186.166666667 1.0018167292924274 0.7486859768844695 0.9059885719207968
165.476190476 149.047619048 1.0171174339679354 0.6934618704380455 0.878540756583964
168.0 23.6 1.0151353148947369 0.9929257218089523 1.000012397246614
241.447368421 227.552631579 1.0230256995459508 1.0086638735578104 1.0039226971012323
186.677966102 242.203389831 0.9004483948079941 0.2598334136078148 0.2969338738073334
217.142857143 184.142857143 1.0110413216122247 1.0034088189577814 0.9969286981663973
166.5 30.7105263158 1.0151353148947369 0.9929257218089523 1.000012397246614
168.181818182 244.318181818 0.8414213910921765 0.25199988692816727 0.28911622769128237
58.12 202.74 1.0230256995459508 1.0086638735578104 1.0039226971012323
36.4871794872 184.948717949 0.9938998431645537 0.7645078803457959 0.8823942784568108
51.9111111111 33.0888888889 0.9656235924412305 0.6068229336576023 0.8039864502699583
75.3164556962 200.810126582 0.9399445890098961 0.33873121258519656 0.37166894838391246
96.0 20.4666666667 0.98147961174542 0.7943703416753667 0.8896259947548354
191.788235294 77.6705882353 1.0171174339679354 0.6934618704380455 0.878540756583964
60.2424242424 10.0 1.0230256995459508 1.0086638735578104 1.0039226971012323
120.821428571 19.9821428571 1.0230056956525508 1.0047252373088749 1.0039272786735287
201.336134454 53.9663865546 1.0191343701646003 1.0086700718350718 1.0039231330035823
177.0 172.0 0.9399445890098961 0.33873121258519656 0.37166894838391246
87.0 125.0 1.0171174339679354 0.6934618704380455 0.878540756583964
115.714285714 36.0 0.9457719369828671 0.5713711300043157 0.768662075655346
213.123076923 100.584615385 1.0230256995459508 1.0086638735578104 1.0039226971012323
204.129032258 34.2043010753 1.0230256995459508 1.0086638735578104 1.0039226971012323
37.2 185.4 1.0188389070440398 0.8452916937068028 0.9320672418790403
183.388888889 122.314814815 1.016213474283334 0.6911641696110354 0.879623788734896
196.33 116.22 0.934111363579678 0.5713755650403345 0.7804558154041553
116.325 41.1 0.9957112056444212 1.0087202261485777 0.9921369084186985
168.75 250.75 0.9431152338127642 0.7725044047509135 0.870604662689001
211.875 189.125 1.0193391501220943 1.0055677431985504 1.002687109016171
85.9090909091 214.818181818 0.9399445890098961 0.33873121258519656 0.37166894838391246
106.679012346 42.1481481481 1.0210079677486747 0.6855627804579403 0.8785485471318997
134.716981132 96.0943396226 1.0171174339679354 0.6934618704380455 0.878540756583964
147.164835165 173.153846154 0.9399445890098961 0.33873121258519656 0.37166894838391246
188.194174757 19.9708737864 1.0191343701646003 1.0086700718350718 1.0039231330035823
147.793650794 2.90476190476 1.0191141883671182 1.004731447739545 1.003927718494216
48.0204081633 192.265306122 1.0230256995459508 1.0086638735578104 1.0039226971012323
113.897058824 239.735294118 0.9399445890098961 0.33873121258519656 0.37166894838391246
199.11627907 211.581395349 0.9438764825140157 0.3387253132028171 0.37166596580132744
117.972222222 159.138888889 0.937972202627609 0.571380047717934 0.772594533145172
40.8235294118 158.117647059 1.0230256995459508 1.0086638735578104 1.0039226971012323
118.642857143 12.7857142857 1.0230256995459508 1.0086638735578104 1.0039226971012323
42.5576923077 206.076923077 1.0230256995459508 1.0086638735578104 1.0039226971012323
182.5 248.92 1.0191343701646003 1.0086700718350718 1.0039231330035823
109.08 253.4 1.0171587525791996 0.7289806900541604 0.8706414242119196
173.5 27.3181818182 1.0139758144012725 1.002742538441992 0.9980971147824004
38.1818181818 175.090909091 0.9625654960893036 0.7566928806117168 0.8706201159656325
117.833333333 167.697916667 0.9383448087068513 0.34107413221488586 0.37236981496481
58.825 173.05 1.009479101519422 0.7329140910696299 0.8902868503487752
123.340425532 28.0 0.9185392795606593 0.5792921135470236 0.788311141124707
192.304347826 99.6956521739 1.0210079677486747 0.6855627804579403 0.8785485471318997
77.8 56.4 0.9833367075259266 0.6417798466281742 0.8341978485899576
102.54 140.86 1.0171174339679354 0.6934618704380455 0.878540756583964
104.0 246.5 1.0227343748209528 0.9771745227724008 0.9843116398819601
176.8875 81.2125 1.0171174339679354 0.6934618704380455 0.878540756583964
42.1666666667 168.583333333 1.0184314861752246 1.0040949746116297 1.0027707763172269
189.633333333 171.216666667 0.9123116667419444 0.2857761716721054 0.31964496675435833
127.384615385 252.769230769 1.0167095207993688 1.0046648979152084 1.0013078736167718
8.92307692308 194.307692308 1.0230256995459508 1.0086638735578104 1.0039226971012323
53.09375 19.828125 1.0230256995459508 1.0086638735578104 1.0039226971012323
216.073394495 229.174311927 1.0191343701646003 1.0086700718350718 1.0039231330035823
232.104166667 238.020833333 1.0230256995459508 1.0086638735578104 1.0039226971012323
183.421052632 229.342105263 0.9399445890098961 0.33873121258519656 0.37166894838391246
188.777777778 138.555555556 0.9418272901856727 0.567434813466657 0.7647375754791682
208.0 209.594594595 1.0212969258957316 0.831519907463433 0.854797308443814
204.75 62.5 1.0230256995459508 1.0086638735578104 1.0039226971012323
78.4651162791 6.39534883721 1.0230256995459508 1.0086638735578104 1.0039226971012323
146.3 53.775 1.022832546589525 0.9692737624947986 1.00396823617796
194.692307692 177.076923077 0.8453025210885727 0.2204228843112791 0.26154776706785976
176.204545455 66.6590909091 1.0171174339679354 0.6934618704380455 0.878540756583964
193.820512821 250.166666667 1.0230056956525508 1.0047252373088749 1.0039272786735287
70.0964912281 99.8859649123 1.0230256995459508 1.0086638735578104 1.0039226971012323
90.53125 153.375 0.9032269632537514 0.261704379836417 0.29408156920809836
80.9793814433 240.989690722 0.9399445890098961 0.33873121258519656 0.37166894838391246
69.75 251.0 1.018747297556958 1.0070445559182777 1.0004753991475634
159.328947368 8.65789473684 0.9667801963253458 0.60889880501979 0.8075955495027809
125.205882353 52.3235294118 0.9562448697417568 0.606363967060074 0.8030756810476438
29.7777777778 55.9444444444 1.0230256995459508 1.0086638735578104 1.0039226971012323
120.448979592 47.0 1.0230056956525508 1.0047252373088749 1.0039272786735287
21.0238095238 240.523809524 1.0230256995459508 1.0086638735578104 1.0039226971012323
199.612903226 154.548387097 1.0230256995459508 1.0086638735578104 1.0039226971012323
136.756097561 158.780487805 1.0171174339679354 0.6934618704380455 0.878540756583964
209.090909091 121.090909091 1.0230256995459508 1.0086638735578104 1.0039226971012323
82.512195122 166.0 0.8885908807462936 0.21645452660704112 0.26545027787645764
125.547945205 243.150684932 0.9281407776107806 0.338752418560858 0.36773865867924743
137.452380952 24.1428571429 1.0228652083658087 0.992921899918011 0.9921523933204032
71.8461538462 245.230769231 1.0228314063569892 0.9968693016586515 0.9842884850995951
125.0 132.0 1.0170403994757145 0.6816343213242133 0.8706948246624484
240.777777778 182.444444444 1.0230256995459508 1.0086638735578104 1.0039226971012323
74.6 171.933333333 0.9004007013063184 0.22039137796821612 0.26937743715515694
34.2105263158 174.0 1.0155848812424886 0.8603682155745204 0.9388684983054845
44.4736842105 188.736842105 1.0065015515217006 0.8866196179186191 0.9490534941271654
202.545454545 125.818181818 1.0230256995459508 1.0086638735578104 1.0039226971012323
179.342105263 11.7368421053 1.0230256995459508 1.0086638735578104 1.0039226971012323
210.744186047 162.046511628 1.0230256995459508 1.0086638735578104 1.0039226971012323
10.2857142857 70.8571428571 1.0230256995459508 1.0086638735578104 1.0039226971012323
96.625 89.2916666667 1.0171174339679354 0.6934618704380455 0.878540756583964
203.958333333 221.069444444 0.8885796913818844 0.20857466322502743 0.2575692670706433
121.2 139.3 1.0171174339679354 0.6934618704380455 0.878540756583964
234.444444444 187.222222222 1.0132964042892931 0.8818235138331243 0.947037833295803
73.1 42.85 1.0209834140034404 0.6855681288125348 0.8746190607299568
93.5733333333 101.36 1.0171174339679354 0.6934618704380455 0.878540756583964
179.739130435 135.739130435 1.0140032144797333 0.6934912605224589 0.8774049340197987
59.8235294118 153.029411765 1.0230256995459508 1.0086638735578104 1.0039226971012323
152.333333333 251.666666667 1.0081182148448302 1.004894875574529 1.0007833140620368
85.3333333333 157.944444444 0.9399445890098961 0.33873121258519656 0.37166894838391246
192.431818182 51.3181818182 1.0171174339679354 0.6934618704380455 0.878540756583964
212.055555556 173.944444444 1.005583883245829 0.7368659709714364 0.8902831878064096
89.4146341463 2.78048780488 1.0230256995459508 1.0086638735578104 1.0039226971012323
165.636363636 37.9272727273 1.0074631906664768 1.0086886263854402 1.0039244231942817
99.5217391304 52.0652173913 1.0171174339679354 0.6934618704380455 0.878540756583964
76.2950819672 160.196721311 1.0230256995459508 1.0086638735578104 1.0039226971012323
112.666666667 43.8571428571 0.029028220364817777 0.010873435671117926 0.020615207566458942
226.8 180.2 1.0134258144313153 0.7289516378983526 0.8981494541306201
118.606060606 35.3939393939 0.9417397115819541 0.5595528842237342 0.7529558567623003
97.0344827586 200.620689655 0.9399445890098961 0.33873121258519656 0.37166894838391246
191.714285714 254.428571429 1.0189838821295023 1.005682807541139 1.0039270169561751
181.142857143 52.8571428571 1.0209989802032566 0.6816165721455902 0.8785528727506967
50.9642857143 109.5 1.0230256995459508 1.0086638735578104 1.0039226971012323
69.25 68.25 1.0131744411507382 0.6895282736259918 0.874616527433006
232.916666667 184.027777778 1.0212605292730528 0.7368273936828076 0.8981389742256362
163.387096774 193.193548387 0.9399445890098961 0.33873121258519656 0.37166894838391246
60.1666666667 187.916666667 1.0230056956525508 1.0047252373088749 1.0039272786735287
79.7264957265 250.683760684 1.0146234769323956 1.0041440741542735 1.0002153924674655
44.4666666667 184.066666667 1.021150581330041 0.732903150422929 0.8824251772981286
59.3235294118 164.838235294 1.0191343701646003 1.0086700718350718 1.0039231330035823
168.741935484 110.967741935 1.0204378653818544 0.5553601581390689 0.8236740541154288
159.277108434 151.987951807 1.0132088161727413 0.6934689054925515 0.8785416575705731
83.4675324675 146.857142857 1.0230056956525508 1.0047252373088749 1.0039272786735287
158.85 171.55 0.9399445890098961 0.33873121258519656 0.37166894838391246
10.1428571429 153.75 1.0230256995459508 1.0086638735578104 1.0039226971012323
68.2368421053 131.368421053 1.0230256995459508 1.0086638735578104 1.0039226971012323
225.571428571 196.571428571 1.0181927621710134 1.0052912328291668 1.002434179572848
214.05 129.15 1.0230256995459508 1.0086638735578104 1.0039226971012323
55.2391304348 87.1086956522 1.0230256995459508 1.0086638735578104 1.0039226971012323
67.3 161.333333333 1.0230256995459508 1.0086638735578104 1.0039226971012323
111.30952381 25.9761904762 0.9223178710760139 0.5793145794432855 0.7686596679640578
65.375 200.625 1.0230256995459508 1.0086638735578104 1.0039226971012323
219.102564103 196.641025641 1.0230256995459508 1.0086638735578104 1.0039226971012323
212.96969697 153.333333333 1.0230256995459508 1.0086638735578104 1.0039226971012323
213.388888889 207.611111111 1.013335607600915 0.7329173467807765 0.8824268421117171
160.538461538 16.2051282051 1.0171174339679354 0.6934618704380455 0.878540756583964
59.5555555556 175.444444444 0.9820197772015716 0.7448291022647645 0.866700529506154
196.5 218.5 0.9399445890098961 0.33873121258519656 0.37166894838391246
114.228571429 161.742857143 0.936115933743163 0.34660287954137026 0.41498051221415244
123.542857143 128.685714286 0.9256958540982168 0.4768097793187986 0.7014177497631394
198.827586207 168.379310345 1.0134258144313153 0.7289516378983526 0.8981494541306201
44.6914893617 29.9680851064 1.0230256995459508 1.0086638735578104 1.0039226971012323
179.6 28.7 1.02288888772426 0.9810916810616513 1.0039546406620121
40.9618320611 58.9236641221 1.0230256995459508 1.0086638735578104 1.0039226971012323
129.473684211 63.9473684211 1.0171174339679354 0.6934618704380455 0.878540756583964
113.659574468 49.5106382979 0.9105103284072413 0.5912079935270758 0.7529273269192084
170.234042553 6.3829787234 1.0230056956525508 1.0047252373088749 1.0039272786735287
191.533333333 229.933333333 0.9399445890098961 0.33873121258519656 0.37166894838391246
218.222222222 181.111111111 1.02288888772426 0.9810916810616513 1.0039546406620121
137.568627451 169.882352941 0.9438764825140157 0.3387253132028171 0.37166596580132744
153.081967213 161.639344262 0.9340049562519382 0.5555941869471304 0.7686836322133904
50.6428571429 53.2 0.9776141208939174 0.6343918907179256 0.8353906646207587
100.142857143 223.071428571 0.9399445890098961 0.33873121258519656 0.37166894838391246
