116.130434783 54.5217391304 1.0230256995459508 1.0086638735578104 1.0039226971012323
142.65 35.55 1.0230256995459508 1.0086638735578104 1.0039226971012323
147.090909091 34.8181818182 1.0230256995459508 1.0086638735578104 1.0039226971012323
67.0454545455 25.5454545455 0.029027857070700158 0.010873560220137522 0.0049288773703804935
36.7692307692 84.3076923077 1.0230256995459508 1.0086638735578104 1.0039226971012323
124.5 84.6666666667 1.0230256995459508 1.0086638735578104 1.0039226971012323
114.5 50.0 1.0230256995459508 1.0086638735578104 1.0039226971012323
85.9285714286 148.142857143 0.6366954935855919 0.6235923641940051 0.6192663106584068
113.421052632 12.2631578947 1.0230256995459508 1.0086638735578104 1.0039226971012323
31.0 63.25 0.4550090950560454 0.44271621174327924 0.43865495011982847
107.678571429 20.5 0.029027857070700158 0.010873560220137522 0.0049288773703804935
138.583333333 31.3333333333 0.029027857070700158 0.010873560220137522 0.0049288773703804935
40.2244897959 97.6734693878 0.029027857070700158 0.010873560220137522 0.0049288773703804935
99.2941176471 85.0 1.0230256995459508 1.0086638735578104 1.0039226971012323
123.066666667 124.533333333 1.0230256995459508 1.0086638735578104 1.0039226971012323
41.3125 18.625 1.0230256995459508 1.0086638735578104 1.0039226971012323
88.8333333333 20.1666666667 0.029027857070700158 0.010873560220137522 0.0049288773703804935
134.636363636 22.5454545455 1.0230256995459508 1.0086638735578104 1.0039226971012323
53.3333333333 37.0 1.0230256995459508 1.0086638735578104 1.0039226971012323
58.3636363636 116.636363636 1.0230256995459508 1.0086638735578104 1.0039226971012323
75.5526315789 116.078947368 0.21725291979126365 0.20650670365682167 0.20294547869582863
46.5 84.25 1.0230256995459508 1.0086638735578104 1.0039226971012323
81.4210526316 138.894736842 1.0230256995459508 1.0086638735578104 1.0039226971012323
146.833333333 52.5 1.0230256995459508 1.0086638735578104 1.0039226971012323
53.1428571429 108.80952381 1.0230256995459508 1.0086638735578104 1.0039226971012323
57.5294117647 140.0 1.0230256995459508 1.0086638735578104 1.0039226971012323
49.125 115.6875 1.0230256995459508 1.0086638735578104 1.0039226971012323
10.5416666667 72.875 1.0230256995459508 1.0086638735578104 1.0039226971012323
58.55 46.6 0.029027857070700158 0.010873560220137522 0.0049288773703804935
32.4 54.2 1.0230256995459508 1.0086638735578104 1.0039226971012323
92.0 48.8518518519 1.0230256995459508 1.0086638735578104 1.0039226971012323
138.416666667 125.083333333 1.0230256995459508 1.0086638735578104 1.0039226971012323
110.823529412 9.17647058824 1.0230256995459508 1.0086638735578104 1.0039226971012323
33.0 31.0833333333 1.0230256995459508 1.0086638735578104 1.0039226971012323
89.4285714286 5.0 1.0230256995459508 1.0086638735578104 1.0039226971012323
16.1666666667 38.1333333333 1.0230256995459508 1.0086638735578104 1.0039226971012323
56.9666666667 106.333333333 0.029027857070700158 0.010873560220137522 0.0049288773703804935
130.0 48.0 0.029027857070700158 0.010873560220137522 0.0049288773703804935
130.611111111 39.9444444444 1.0230256995459508 1.0086638735578104 1.0039226971012323
89.8571428571 136.857142857 1.0230256995459508 1.0086638735578104 1.0039226971012323
136.894736842 110.0 1.0230256995459508 1.0086638735578104 1.0039226971012323
86.6923076923 27.0 0.029027857070700158 0.010873560220137522 0.0049288773703804935
131.740740741 16.9259259259 1.0230256995459508 1.0086638735578104 1.0039226971012323
116.321428571 44.4642857143 0.029027857070700158 0.010873560220137522 0.0049288773703804935
23.0 68.6666666667 0.2807924003425025 0.26954635843139313 0.2658243481399731
16.6222222222 65.4444444444 0.029027857070700158 0.010873560220137522 0.0049288773703804935
55.7931034483 52.7931034483 1.0230256995459508 1.0086638735578104 1.0039226971012323
141.5 112.25 0.4986896985441223 0.4787623615891294 0.4815398956462325
71.7142857143 31.3571428571 1.0230256995459508 1.0086638735578104 1.0039226971012323
92.972972973 63.0810810811 0.029027857070700158 0.010873560220137522 0.0049288773703804935
41.6 40.44 0.029027857070700158 0.010873560220137522 0.0049288773703804935
21.9259259259 71.0740740741 0.029027857070700158 0.010873560220137522 0.0049288773703804935
78.55 34.15 1.0230256995459508 1.0086638735578104 1.0039226971012323
30.25 42.375 1.0230256995459508 1.0086638735578104 1.0039226971012323
87.0 29.0 0.029027857070700158 0.010873560220137522 0.0049288773703804935
39.2142857143 109.857142857 0.7037960946752844 0.6943558496254839 0.6859959384416647
130.8 44.4 0.07865644084736487 0.06678801291207082 0.06252708637901203
134.666666667 31.0 1.0230256995459508 1.0086638735578104 1.0039226971012323
94.1818181818 148.727272727 0.8851312520529363 0.871168142833241 0.8665589684060617
12.0 56.3 1.0230256995459508 1.0086638735578104 1.0039226971012323
54.1739130435 119.304347826 1.0230256995459508 1.0086638735578104 1.0039226971012323
67.9090909091 114.818181818 0.4629159247791293 0.45058312369638115 0.4465088613266229
101.393939394 11.1818181818 1.0230256995459508 1.0086638735578104 1.0039226971012323
58.8571428571 130.476190476 1.0230256995459508 1.0086638735578104 1.0039226971012323
122.709677419 53.1935483871 0.029027857070700158 0.010873560220137522 0.0049288773703804935
117.939393939 32.0 0.029027857070700158 0.010873560220137522 0.0049288773703804935
132.487804878 60.9268292683 0.029027857070700158 0.010873560220137522 0.0049288773703804935
36.8181818182 31.9090909091 1.0230256995459508 1.0086638735578104 1.0039226971012323
65.7272727273 34.6818181818 0.029027857070700158 0.010873560220137522 0.0049288773703804935
24.5714285714 66.7142857143 1.0230256995459508 1.0086638735578104 1.0039226971012323
119.724137931 19.0344827586 1.0230256995459508 1.0086638735578104 1.0039226971012323
27.8695652174 67.8695652174 1.0230256995459508 1.0086638735578104 1.0039226971012323
71.7826086957 27.0434782609 0.029027857070700158 0.010873560220137522 0.0049288773703804935
121.454545455 137.454545455 0.029027857070700158 0.010873560220137522 0.0049288773703804935
72.2 104.2 1.0230256995459508 1.0086638735578104 1.0039226971012323
82.3846153846 29.6538461538 0.029027857070700158 0.010873560220137522 0.0049288773703804935
69.6363636364 49.4545454545 1.0230256995459508 1.0086638735578104 1.0039226971012323
96.1428571429 45.3333333333 0.029027857070700158 0.010873560220137522 0.0049288773703804935
127.666666667 43.1666666667 1.0230256995459508 1.0086638735578104 1.0039226971012323
80.2631578947 24.2631578947 1.0230256995459508 1.0086638735578104 1.0039226971012323
97.5 104.9 1.0230256995459508 1.0086638735578104 1.0039226971012323
86.3684210526 43.0526315789 0.5059324025260171 0.4903541090391809 0.4892815615057689
46.1764705882 29.8823529412 1.0230256995459508 1.0086638735578104 1.0039226971012323
88.5142857143 44.9714285714 0.029027857070700158 0.010873560220137522 0.0049288773703804935
125.772727273 134.977272727 0.029027857070700158 0.010873560220137522 0.0049288773703804935
128.466666667 37.0666666667 1.0230256995459508 1.0086638735578104 1.0039226971012323
96.0555555556 29.6666666667 1.0230256995459508 1.0086638735578104 1.0039226971012323
61.9677419355 138.35483871 0.029027857070700158 0.010873560220137522 0.0049288773703804935
99.5714285714 145.428571429 0.029027857070700158 0.010873560220137522 0.0049288773703804935
94.4333333333 54.5333333333 0.029027857070700158 0.010873560220137522 0.0049288773703804935
71.0476190476 35.8095238095 0.029027857070700158 0.010873560220137522 0.0049288773703804935
97.0666666667 50.7333333333 0.07865644084736487 0.06678801291207082 0.06252708637901203
95.0714285714 131.785714286 1.0230256995459508 1.0086638735578104 1.0039226971012323
121.8 35.24 1.0230256995459508 1.0086638735578104 1.0039226971012323
126.3125 122.5625 1.0230256995459508 1.0086638735578104 1.0039226971012323
128.909090909 25.7727272727 1.0230256995459508 1.0086638735578104 1.0039226971012323
116.414634146 107.219512195 1.0230256995459508 1.0086638735578104 1.0039226971012323
52.44 132.0 0.029027857070700158 0.010873560220137522 0.0049288773703804935
27.2941176471 53.3529411765 1.0230256995459508 1.0086638735578104 1.0039226971012323
45.6451612903 49.9677419355 1.0230256995459508 1.0086638735578104 1.0039226971012323
136.666666667 87.2666666667 1.0230256995459508 1.0086638735578104 1.0039226971012323
96.0 13.5862068966 1.0230256995459508 1.0086638735578104 1.0039226971012323
89.4666666667 39.1333333333 1.0230256995459508 1.0086638735578104 1.0039226971012323
110.392857143 52.3928571429 1.0230256995459508 1.0086638735578104 1.0039226971012323
39.8965517241 28.2068965517 0.029027857070700158 0.010873560220137522 0.0049288773703804935
47.9166666667 23.9166666667 0.029027857070700158 0.010873560220137522 0.0049288773703804935
143.965517241 92.7931034483 0.032949484129523726 0.01479534080837279 0.008850508154694231
110.6 140.8 0.9718160326440762 0.9575970920946474 0.9529032750093803
64.0 39.5 1.0230256995459508 1.0086638735578104 1.0039226971012323
100.181818182 74.6060606061 1.0230256995459508 1.0086638735578104 1.0039226971012323
118.095238095 23.6666666667 1.0230256995459508 1.0086638735578104 1.0039226971012323
26.6296296296 34.9259259259 1.0230256995459508 1.0086638735578104 1.0039226971012323
141.565217391 70.5217391304 1.0230256995459508 1.0086638735578104 1.0039226971012323
63.3333333333 20.4 1.0230256995459508 1.0086638735578104 1.0039226971012323
32.8571428571 34.0714285714 1.0230256995459508 1.0086638735578104 1.0039226971012323
68.96875 129.96875 1.0230256995459508 1.0086638735578104 1.0039226971012323
94.7894736842 136.631578947 1.0230256995459508 1.0086638735578104 1.0039226971012323
130.678571429 113.5 1.0230256995459508 1.0086638735578104 1.0039226971012323
92.7307692308 26.3461538462 1.0230256995459508 1.0086638735578104 1.0039226971012323
113.761904762 75.0 1.0230256995459508 1.0086638735578104 1.0039226971012323
76.1538461538 19.0769230769 1.0230256995459508 1.0086638735578104 1.0039226971012323
82.1818181818 114.818181818 0.029027857070700158 0.010873560220137522 0.0049288773703804935
114.366666667 94.4 1.0230256995459508 1.0086638735578104 1.0039226971012323
36.1379310345 89.9655172414 1.0230256995459508 1.0086638735578104 1.0039226971012323
118.217391304 144.347826087 1.0230256995459508 1.0086638735578104 1.0039226971012323
86.5 19.0 1.0230256995459508 1.0086638735578104 1.0039226971012323
128.0 77.1 0.029027857070700158 0.010873560220137522 0.0049288773703804935
133.28 35.44 1.0230256995459508 1.0086638735578104 1.0039226971012323
127.740740741 71.2222222222 1.0230256995459508 1.0086638735578104 1.0039226971012323
98.5714285714 38.9047619048 0.029027857070700158 0.010873560220137522 0.0049288773703804935
104.0 43.88 1.0230256995459508 1.0086638735578104 1.0039226971012323
79.1923076923 48.6153846154 1.0230256995459508 1.0086638735578104 1.0039226971012323
51.0 49.8518518519 1.0230256995459508 1.0086638735578104 1.0039226971012323
110.75 59.4285714286 1.0230256995459508 1.0086638735578104 1.0039226971012323
74.1363636364 109.431818182 1.0230256995459508 1.0086638735578104 1.0039226971012323
127.0 137.0 1.0230256995459508 1.0086638735578104 1.0039226971012323
113.555555556 32.1851851852 1.0230256995459508 1.0086638735578104 1.0039226971012323
58.92 122.56 1.0230256995459508 1.0086638735578104 1.0039226971012323
128.542857143 65.4857142857 1.0230256995459508 1.0086638735578104 1.0039226971012323
55.9259259259 127.37037037 1.0230256995459508 1.0086638735578104 1.0039226971012323
126.066666667 28.0 1.0230256995459508 1.0086638735578104 1.0039226971012323
3.65517241379 37.3103448276 1.0230256995459508 1.0086638735578104 1.0039226971012323
143.266666667 29.8666666667 1.0230256995459508 1.0086638735578104 1.0039226971012323
128.285714286 79.9523809524 0.49122950413465166 0.4728069391750989 0.474713599626389
56.2 112.8 1.0230256995459508 1.0086638735578104 1.0039226971012323
98.25 34.3333333333 0.06655745811445418 0.052754615820203 0.047652928740345345
122.105263158 42.6315789474 1.0230256995459508 1.0086638735578104 1.0039226971012323
50.5238095238 33.0476190476 1.0230256995459508 1.0086638735578104 1.0039226971012323
61.4285714286 29.4285714286 1.0230256995459508 1.0086638735578104 1.0039226971012323
101.952380952 22.4761904762 1.0230256995459508 1.0086638735578104 1.0039226971012323
137.225806452 57.6774193548 1.0230256995459508 1.0086638735578104 1.0039226971012323
123.708333333 31.125 1.0230256995459508 1.0086638735578104 1.0039226971012323
66.5416666667 108.5 1.0230256995459508 1.0086638735578104 1.0039226971012323
138.782608696 34.8695652174 0.029027857070700158 0.010873560220137522 0.0049288773703804935
110.45 24.35 1.0230256995459508 1.0086638735578104 1.0039226971012323
41.9090909091 42.8181818182 0.029027857070700158 0.010873560220137522 0.0049288773703804935
76.0689655172 15.3448275862 1.0230256995459508 1.0086638735578104 1.0039226971012323
130.222222222 57.1111111111 0.029027857070700158 0.010873560220137522 0.0049288773703804935
19.4705882353 63.3529411765 0.029027857070700158 0.010873560220137522 0.0049288773703804935
88.65 50.55 1.0230256995459508 1.0086638735578104 1.0039226971012323
25.55 57.55 1.0230256995459508 1.0086638735578104 1.0039226971012323
108.222222222 10.4444444444 0.029027857070700158 0.010873560220137522 0.0049288773703804935
32.2916666667 50.375 1.0230256995459508 1.0086638735578104 1.0039226971012323
141.820512821 109.051282051 0.029027857070700158 0.010873560220137522 0.0049288773703804935
125.956521739 18.3043478261 1.0230256995459508 1.0086638735578104 1.0039226971012323
47.6923076923 145.692307692 1.0230256995459508 1.0086638735578104 1.0039226971012323
48.2307692308 127.692307692 0.9481564534314987 0.930086968719748 0.9293601768973249
41.9393939394 34.1212121212 0.029027857070700158 0.010873560220137522 0.0049288773703804935
76.3333333333 45.8571428571 0.029027857070700158 0.010873560220137522 0.0049288773703804935
63.3333333333 55.75 1.0230256995459508 1.0086638735578104 1.0039226971012323
107.095238095 34.0952380952 1.0230256995459508 1.0086638735578104 1.0039226971012323
109.904761905 105.761904762 0.029027857070700158 0.010873560220137522 0.0049288773703804935
98.25 79.75 1.0230256995459508 1.0086638735578104 1.0039226971012323
97.625 17.875 1.0230256995459508 1.0086638735578104 1.0039226971012323
133.952380952 43.0 0.029027857070700158 0.010873560220137522 0.0049288773703804935
144.75 106.5 1.0230256995459508 1.0086638735578104 1.0039226971012323
137.5 105.5 1.0230256995459508 1.0086638735578104 1.0039226971012323
60.4117647059 143.411764706 1.0230256995459508 1.0086638735578104 1.0039226971012323
116.2 99.44 1.0230256995459508 1.0086638735578104 1.0039226971012323
60.5263157895 50.4736842105 0.029027857070700158 0.010873560220137522 0.0049288773703804935
47.5 39.0 1.0230256995459508 1.0086638735578104 1.0039226971012323
105.357142857 25.8928571429 0.029027857070700158 0.010873560220137522 0.0049288773703804935
140.0625 90.375 1.0230256995459508 1.0086638735578104 1.0039226971012323
58.4761904762 24.6666666667 0.029027857070700158 0.010873560220137522 0.0049288773703804935
143.371428571 85.2 0.029027857070700158 0.010873560220137522 0.0049288773703804935
138.822222222 118.688888889 0.029027857070700158 0.010873560220137522 0.0049288773703804935
84.2352941176 24.5882352941 1.0230256995459508 1.0086638735578104 1.0039226971012323
51.0 104.4 1.0230256995459508 1.0086638735578104 1.0039226971012323
3.38461538462 45.0769230769 1.0230256995459508 1.0086638735578104 1.0039226971012323
70.6875 51.4375 0.029027857070700158 0.010873560220137522 0.0049288773703804935
40.8461538462 76.6153846154 1.0230256995459508 1.0086638735578104 1.0039226971012323
50.3793103448 55.0689655172 1.0230256995459508 1.0086638735578104 1.0039226971012323
40.5263157895 57.3684210526 1.0230256995459508 1.0086638735578104 1.0039226971012323
35.7333333333 44.5333333333 1.0230256995459508 1.0086638735578104 1.0039226971012323
119.738095238 75.3571428571 0.09485108442289583 0.08490203083266887 0.08141727119540149
104.742857143 112.485714286 1.0230256995459508 1.0086638735578104 1.0039226971012323
117.466666667 88.9 1.0230256995459508 1.0086638735578104 1.0039226971012323
128.5 84.6875 1.0230256995459508 1.0086638735578104 1.0039226971012323
84.85 39.55 1.0230256995459508 1.0086638735578104 1.0039226971012323
123.5 12.0 1.0230256995459508 1.0086638735578104 1.0039226971012323
75.3 33.3 1.0230256995459508 1.0086638735578104 1.0039226971012323
128.023255814 52.6279069767 0.029027857070700158 0.010873560220137522 0.0049288773703804935
38.0 39.2 1.0230256995459508 1.0086638735578104 1.0039226971012323
115.153846154 136.538461538 1.0230256995459508 1.0086638735578104 1.0039226971012323
92.8888888889 33.1111111111 0.029027857070700158 0.010873560220137522 0.0049288773703804935
92.0 74.0 1.0230256995459508 1.0086638735578104 1.0039226971012323
138.666666667 27.1481481481 1.0230256995459508 1.0086638735578104 1.0039226971012323
89.5 28.9166666667 0.029027857070700158 0.010873560220137522 0.0049288773703804935
34.3902439024 78.3414634146 0.029027857070700158 0.010873560220137522 0.0049288773703804935
31.4242424242 18.2727272727 1.0230256995459508 1.0086638735578104 1.0039226971012323
104.9375 49.28125 1.0230256995459508 1.0086638735578104 1.0039226971012323
117.761904762 50.5714285714 1.0230256995459508 1.0086638735578104 1.0039226971012323
132.511627907 93.5348837209 0.029027857070700158 0.010873560220137522 0.0049288773703804935
91.5789473684 104.210526316 1.0230256995459508 1.0086638735578104 1.0039226971012323
76.8 141.6 0.029027857070700158 0.010873560220137522 0.0049288773703804935
145.926829268 59.2195121951 1.0230256995459508 1.0086638735578104 1.0039226971012323
107.961538462 15.1538461538 0.029027857070700158 0.010873560220137522 0.0049288773703804935
119.142857143 26.8571428571 0.029027857070700158 0.010873560220137522 0.0049288773703804935
48.3448275862 100.586206897 1.0230256995459508 1.0086638735578104 1.0039226971012323
69.1666666667 39.1111111111 1.0230256995459508 1.0086638735578104 1.0039226971012323
103.470588235 30.5294117647 0.029027857070700158 0.010873560220137522 0.0049288773703804935
61.0 46.0 1.0230256995459508 1.0086638735578104 1.0039226971012323
35.625 63.25 1.0230256995459508 1.0086638735578104 1.0039226971012323
60.2352941176 104.352941176 1.0230256995459508 1.0086638735578104 1.0039226971012323
46.75 148.25 1.0230256995459508 1.0086638735578104 1.0039226971012323
145.653846154 71.4615384615 1.0230256995459508 1.0086638735578104 1.0039226971012323
80.5 144.5 0.029027857070700158 0.010873560220137522 0.0049288773703804935
24.9655172414 62.9655172414 0.029027857070700158 0.010873560220137522 0.0049288773703804935
97.76 24.44 1.0230256995459508 1.0086638735578104 1.0039226971012323
34.2666666667 38.6666666667 1.0230256995459508 1.0086638735578104 1.0039226971012323
105.526315789 7.52631578947 0.31251528044861 0.3010490555685374 0.29725596606549254
135.56 113.88 1.0230256995459508 1.0086638735578104 1.0039226971012323
73.7272727273 29.1818181818 0.029027857070700158 0.010873560220137522 0.0049288773703804935
1.84848484848 27.6060606061 1.0230256995459508 1.0086638735578104 1.0039226971012323
8.5 68.4375 1.0230256995459508 1.0086638735578104 1.0039226971012323
61.5833333333 111.777777778 0.029027857070700158 0.010873560220137522 0.0049288773703804935
42.5172413793 89.2068965517 0.029027857070700158 0.010873560220137522 0.0049288773703804935
35.7777777778 95.0740740741 1.0230256995459508 1.0086638735578104 1.0039226971012323
82.2352941176 34.5294117647 1.0230256995459508 1.0086638735578104 1.0039226971012323
28.76 29.4 1.0230256995459508 1.0086638735578104 1.0039226971012323
99.8888888889 91.0 1.0230256995459508 1.0086638735578104 1.0039226971012323
74.5862068966 56.4137931034 1.0230256995459508 1.0086638735578104 1.0039226971012323
116.1 129.9 1.0230256995459508 1.0086638735578104 1.0039226971012323
47.8333333333 19.4166666667 1.0230256995459508 1.0086638735578104 1.0039226971012323
85.0714285714 139.5 1.0230256995459508 1.0086638735578104 1.0039226971012323
130.739130435 46.8695652174 0.029027857070700158 0.010873560220137522 0.0049288773703804935
37.3333333333 80.8333333333 0.029027857070700158 0.010873560220137522 0.0049288773703804935
67.35 145.2 1.0230256995459508 1.0086638735578104 1.0039226971012323
114.666666667 38.3333333333 0.029027857070700158 0.010873560220137522 0.0049288773703804935
125.363636364 148.181818182 1.0230256995459508 1.0086638735578104 1.0039226971012323
82.0833333333 133.958333333 1.0230256995459508 1.0086638735578104 1.0039226971012323
40.7777777778 46.7777777778 0.029027857070700158 0.010873560220137522 0.0049288773703804935
108.913043478 29.4347826087 1.0230256995459508 1.0086638735578104 1.0039226971012323
89.4 59.8 0.029027857070700158 0.010873560220137522 0.0049288773703804935
108.884615385 39.6538461538 0.029027857070700158 0.010873560220137522 0.0049288773703804935
99.2222222222 69.8888888889 1.0230256995459508 1.0086638735578104 1.0039226971012323
70.45 56.05 1.0230256995459508 1.0086638735578104 1.0039226971012323
101.615384615 2.76923076923 1.0230256995459508 1.0086638735578104 1.0039226971012323
84.8611111111 10.8888888889 1.0230256995459508 1.0086638735578104 1.0039226971012323
44.4545454545 28.1818181818 1.0230256995459508 1.0086638735578104 1.0039226971012323
122.363636364 131.454545455 1.0230256995459508 1.0086638735578104 1.0039226971012323
118.0 134.0 1.0230256995459508 1.0086638735578104 1.0039226971012323
101.65 147.95 1.0230256995459508 1.0086638735578104 1.0039226971012323
36.2857142857 42.0714285714 1.0230256995459508 1.0086638735578104 1.0039226971012323
103.558823529 106.911764706 1.0230256995459508 1.0086638735578104 1.0039226971012323
38.05 74.4 1.0230256995459508 1.0086638735578104 1.0039226971012323
101.235294118 19.3529411765 1.0230256995459508 1.0086638735578104 1.0039226971012323
21.8181818182 58.7727272727 1.0230256995459508 1.0086638735578104 1.0039226971012323
3.54285714286 33.4285714286 1.0230256995459508 1.0086638735578104 1.0039226971012323
10.1578947368 51.0526315789 1.0230256995459508 1.0086638735578104 1.0039226971012323
57.1818181818 33.5909090909 1.0230256995459508 1.0086638735578104 1.0039226971012323
14.1724137931 32.4827586207 0.5172244808181959 0.5000179764738447 0.5004781447106713
90.92 140.56 1.0230256995459508 1.0086638735578104 1.0039226971012323
119.92 58.6 1.0230256995459508 1.0086638735578104 1.0039226971012323
70.7307692308 60.8846153846 1.0230256995459508 1.0086638735578104 1.0039226971012323
85.9761904762 59.9047619048 0.054693304077639775 0.04585737177298805 0.03238038635077266
121.0 131.5 1.0230256995459508 1.0086638735578104 1.0039226971012323
79.5263157895 122.157894737 1.0230256995459508 1.0086638735578104 1.0039226971012323
43.15 82.575 0.029027857070700158 0.010873560220137522 0.0049288773703804935
111.0 35.6470588235 1.0230256995459508 1.0086638735578104 1.0039226971012323
100.0 137.863636364 1.0230256995459508 1.0086638735578104 1.0039226971012323
79.1290322581 110.806451613 1.0230256995459508 1.0086638735578104 1.0039226971012323
32.8260869565 27.3913043478 1.0230256995459508 1.0086638735578104 1.0039226971012323
36.5454545455 115.909090909 1.0230256995459508 1.0086638735578104 1.0039226971012323
136.0 95.3571428571 1.0230256995459508 1.0086638735578104 1.0039226971012323
93.9615384615 38.6923076923 1.0230256995459508 1.0086638735578104 1.0039226971012323
121.12 47.96 0.029027857070700158 0.010873560220137522 0.0049288773703804935
7.62068965517 63.5172413793 1.0230256995459508 1.0086638735578104 1.0039226971012323
3.66666666667 40.6666666667 1.0230256995459508 1.0086638735578104 1.0039226971012323
60.4090909091 36.7727272727 0.029027857070700158 0.010873560220137522 0.0049288773703804935
73.4545454545 48.8181818182 0.029027857070700158 0.010873560220137522 0.0049288773703804935
108.0 147.444444444 1.0230256995459508 1.0086638735578104 1.0039226971012323
52.7916666667 139.333333333 1.0230256995459508 1.0086638735578104 1.0039226971012323
137.552631579 69.1052631579 0.029027857070700158 0.010873560220137522 0.0049288773703804935
122.285714286 88.1428571429 1.0230256995459508 1.0086638735578104 1.0039226971012323
100.166666667 144.222222222 0.029027857070700158 0.010873560220137522 0.0049288773703804935
140.095238095 96.9047619048 1.0230256995459508 1.0086638735578104 1.0039226971012323
32.8 66.6 1.0230256995459508 1.0086638735578104 1.0039226971012323
106.851851852 55.6666666667 1.0230256995459508 1.0086638735578104 1.0039226971012323
128.821428571 101.178571429 1.0230256995459508 1.0086638735578104 1.0039226971012323
54.6470588235 100.058823529 1.0230256995459508 1.0086638735578104 1.0039226971012323
34.3571428571 82.8571428571 1.0230256995459508 1.0086638735578104 1.0039226971012323
77.2916666667 27.875 0.029027857070700158 0.010873560220137522 0.0049288773703804935
138.909090909 102.318181818 1.0230256995459508 1.0086638735578104 1.0039226971012323
143.066666667 97.9333333333 0.029027857070700158 0.010873560220137522 0.0049288773703804935
132.975 128.275 1.0230256995459508 1.0086638735578104 1.0039226971012323
122.294117647 142.058823529 1.0230256995459508 1.0086638735578104 1.0039226971012323
91.4285714286 11.8571428571 0.029027857070700158 0.010873560220137522 0.0049288773703804935
58.44 19.56 1.0230256995459508 1.0086638735578104 1.0039226971012323
110.16 98.16 1.0230256995459508 1.0086638735578104 1.0039226971012323
20.1739130435 76.4347826087 1.0230256995459508 1.0086638735578104 1.0039226971012323
95.4242424242 68.696969697 1.0230256995459508 1.0086638735578104 1.0039226971012323
132.571428571 53.380952381 1.0230256995459508 1.0086638735578104 1.0039226971012323
93.4666666667 4.13333333333 1.0230256995459508 1.0086638735578104 1.0039226971012323
46.8529411765 44.6764705882 1.0230256995459508 1.0086638735578104 1.0039226971012323
79.652173913 38.8695652174 1.0230256995459508 1.0086638735578104 1.0039226971012323
108.461538462 45.6538461538 1.0230256995459508 1.0086638735578104 1.0039226971012323
73.0 42.125 0.029027857070700158 0.010873560220137522 0.0049288773703804935
15.3529411765 53.7647058824 1.0230256995459508 1.0086638735578104 1.0039226971012323
38.0 97.0 1.0230256995459508 1.0086638735578104 1.0039226971012323
103.96969697 91.9696969697 0.029027857070700158 0.010873560220137522 0.0049288773703804935
79.4523809524 128.642857143 1.0230256995459508 1.0086638735578104 1.0039226971012323
80.7407407407 43.4814814815 1.0230256995459508 1.0086638735578104 1.0039226971012323
49.3333333333 132.666666667 1.0230256995459508 1.0086638735578104 1.0039226971012323
124.714285714 38.8095238095 1.0230256995459508 1.0086638735578104 1.0039226971012323
100.466666667 59.7111111111 0.029027857070700158 0.010873560220137522 0.0049288773703804935
92.7419354839 145.419354839 0.029027857070700158 0.010873560220137522 0.0049288773703804935
118.448275862 82.0344827586 1.0230256995459508 1.0086638735578104 1.0039226971012323
53.1785714286 24.1071428571 0.029027857070700158 0.010873560220137522 0.0049288773703804935
97.0 58.4 0.8573877733871706 0.8160754168092602 0.8391212935038175
142.0 63.9090909091 1.0230256995459508 1.0086638735578104 1.0039226971012323
69.5 21.6428571429 1.0230256995459508 1.0086638735578104 1.0039226971012323
57.9310344828 41.2068965517 0.04806838901040369 0.03048246316131398 0.024537031291949108
22.8095238095 52.0 1.0230256995459508 1.0086638735578104 1.0039226971012323
113.44 146.16 1.0230256995459508 1.0086638735578104 1.0039226971012323
11.4117647059 60.5882352941 0.029027857070700158 0.010873560220137522 0.0049288773703804935
89.0 35.5 0.029027857070700158 0.010873560220137522 0.0049288773703804935
75.0833333333 39.625 0.029027857070700158 0.010873560220137522 0.0049288773703804935
13.7368421053 41.5789473684 1.0230256995459508 1.0086638735578104 1.0039226971012323
113.0 7.18181818182 1.0230256995459508 1.0086638735578104 1.0039226971012323
95.5185185185 8.0 0.029027857070700158 0.010873560220137522 0.0049288773703804935
122.347826087 64.0869565217 1.0230256995459508 1.0086638735578104 1.0039226971012323
43.0454545455 53.9090909091 1.0230256995459508 1.0086638735578104 1.0039226971012323
26.975 23.975 1.0230256995459508 1.0086638735578104 1.0039226971012323
24.4736842105 78.8947368421 1.0230256995459508 1.0086638735578104 1.0039226971012323
143.290322581 119.677419355 1.0230256995459508 1.0086638735578104 1.0039226971012323
112.95 89.75 1.0230256995459508 1.0086638735578104 1.0039226971012323
59.6875 55.125 1.0230256995459508 1.0086638735578104 1.0039226971012323
48.1333333333 81.8333333333 1.0230256995459508 1.0086638735578104 1.0039226971012323
127.888888889 33.6111111111 1.0230256995459508 1.0086638735578104 1.0039226971012323
141.026315789 77.2368421053 0.029027857070700158 0.010873560220137522 0.0049288773703804935
128.368421053 127.052631579 1.0230256995459508 1.0086638735578104 1.0039226971012323
56.724137931 134.862068966 0.029027857070700158 0.010873560220137522 0.0049288773703804935
136.476190476 39.2857142857 1.0230256995459508 1.0086638735578104 1.0039226971012323
132.772727273 108.090909091 1.0230256995459508 1.0086638735578104 1.0039226971012323
52.275862069 42.0344827586 1.0230256995459508 1.0086638735578104 1.0039226971012323
134.315789474 49.5789473684 1.0230256995459508 1.0086638735578104 1.0039226971012323
123.944444444 60.6666666667 1.0230256995459508 1.0086638735578104 1.0039226971012323
122.846153846 80.8076923077 1.0230256995459508 1.0086638735578104 1.0039226971012323
7.54054054054 53.4054054054 1.0230256995459508 1.0086638735578104 1.0039226971012323
35.5294117647 23.7352941176 0.029027857070700158 0.010873560220137522 0.0049288773703804935
56.6111111111 27.9444444444 1.0230256995459508 1.0086638735578104 1.0039226971012323
67.9285714286 140.642857143 0.029027857070700158 0.010873560220137522 0.0049288773703804935
53.9473684211 123.473684211 1.0230256995459508 1.0086638735578104 1.0039226971012323
147.121212121 65.7272727273 1.0230256995459508 1.0086638735578104 1.0039226971012323
53.6315789474 30.2105263158 1.0230256995459508 1.0086638735578104 1.0039226971012323
75.15 138.75 1.0230256995459508 1.0086638735578104 1.0039226971012323
83.9565217391 19.5217391304 1.0230256995459508 1.0086638735578104 1.0039226971012323
103.36 15.72 1.0230256995459508 1.0086638735578104 1.0039226971012323
101.0 6.54545454545 0.029027857070700158 0.010873560220137522 0.0049288773703804935
122.666666667 105.966666667 0.6485343636580861 0.6353848608357496 0.6310435949632931
30.75 44.7777777778 0.029027857070700158 0.010873560220137522 0.0049288773703804935
143.636363636 102.045454545 0.029027857070700158 0.010873560220137522 0.0049288773703804935
45.8571428571 16.1904761905 1.0230256995459508 1.0086638735578104 1.0039226971012323
74.4 147.6 1.0230256995459508 1.0086638735578104 1.0039226971012323
19.5 54.9444444444 1.0230256995459508 1.0086638735578104 1.0039226971012323
72.5 42.0 0.2569813752455027 0.24591243519077777 0.24224748674853364
86.24 114.66 1.0230256995459508 1.0086638735578104 1.0039226971012323
104.285714286 138.857142857 1.0230256995459508 1.0086638735578104 1.0039226971012323
132.842105263 26.9473684211 1.0230256995459508 1.0086638735578104 1.0039226971012323
46.2857142857 95.619047619 1.0230256995459508 1.0086638735578104 1.0039226971012323
49.5555555556 119.611111111 1.0230256995459508 1.0086638735578104 1.0039226971012323
133.176470588 83.7058823529 0.029027857070700158 0.010873560220137522 0.0049288773703804935
38.2 52.2 0.029027857070700158 0.010873560220137522 0.0049288773703804935
38.1923076923 68.7692307692 1.0230256995459508 1.0086638735578104 1.0039226971012323
103.823529412 36.8235294118 0.029027857070700158 0.010873560220137522 0.0049288773703804935
133.0 74.6 1.0230256995459508 1.0086638735578104 1.0039226971012323
16.1 74.2 1.0230256995459508 1.0086638735578104 1.0039226971012323
119.043478261 39.8260869565 1.0230256995459508 1.0086638735578104 1.0039226971012323
32.6 116.25 1.0230256995459508 1.0086638735578104 1.0039226971012323
62.3529411765 25.1764705882 0.029027857070700158 0.010873560220137522 0.0049288773703804935
20.3055555556 33.9722222222 1.0230256995459508 1.0086638735578104 1.0039226971012323
85.2307692308 35.5384615385 1.0230256995459508 1.0086638735578104 1.0039226971012323
146.88 123.12 1.0230256995459508 1.0086638735578104 1.0039226971012323
61.6666666667 43.3333333333 1.0230256995459508 1.0086638735578104 1.0039226971012323
34.5 72.5454545455 1.0230256995459508 1.0086638735578104 1.0039226971012323
12.3913043478 45.2608695652 1.0230256995459508 1.0086638735578104 1.0039226971012323
78.9444444444 147.888888889 1.0230256995459508 1.0086638735578104 1.0039226971012323
137.157894737 52.2631578947 1.0230256995459508 1.0086638735578104 1.0039226971012323
114.0 83.6666666667 1.0230256995459508 1.0086638735578104 1.0039226971012323
82.6129032258 15.0 1.0230256995459508 1.0086638735578104 1.0039226971012323
87.3333333333 31.8333333333 0.029027857070700158 0.010873560220137522 0.0049288773703804935
64.9375 42.0625 1.0230256995459508 1.0086638735578104 1.0039226971012323
37.76 87.12 1.0230256995459508 1.0086638735578104 1.0039226971012323
11.2105263158 38.4736842105 0.029027857070700158 0.010873560220137522 0.0049288773703804935
71.0952380952 136.904761905 1.0230256995459508 1.0086638735578104 1.0039226971012323
55.6842105263 143.263157895 1.0230256995459508 1.0086638735578104 1.0039226971012323
114.0 4.55555555556 1.0230256995459508 1.0086638735578104 1.0039226971012323
133.03030303 69.3636363636 1.0230256995459508 1.0086638735578104 1.0039226971012323
50.0 28.25 1.0230256995459508 1.0086638735578104 1.0039226971012323
44.2222222222 122.361111111 0.029027857070700158 0.010873560220137522 0.0049288773703804935
37.3571428571 35.8571428571 1.0230256995459508 1.0086638735578104 1.0039226971012323
141.757575758 54.2121212121 1.0230256995459508 1.0086638735578104 1.0039226971012323
30.4230769231 60.9615384615 0.029027857070700158 0.010873560220137522 0.0049288773703804935
34.6206896552 57.1724137931 0.029027857070700158 0.010873560220137522 0.0049288773703804935
46.7 34.6 1.0230256995459508 1.0086638735578104 1.0039226971012323
30.6842105263 70.8421052632 1.0230256995459508 1.0086638735578104 1.0039226971012323
67.375 30.2083333333 1.0230256995459508 1.0086638735578104 1.0039226971012323
108.75 90.5625 1.0230256995459508 1.0086638735578104 1.0039226971012323
40.125 121.875 1.0230256995459508 1.0086638735578104 1.0039226971012323
126.304347826 59.2173913043 1.0230256995459508 1.0086638735578104 1.0039226971012323
66.9642857143 135.25 1.0230256995459508 1.0086638735578104 1.0039226971012323
24.2608695652 30.1304347826 1.0230256995459508 1.0086638735578104 1.0039226971012323
122.290322581 25.2580645161 0.029027857070700158 0.010873560220137522 0.0049288773703804935
82.4761904762 102.5 1.0230256995459508 1.0086638735578104 1.0039226971012323
139.846153846 85.4615384615 1.0230256995459508 1.0086638735578104 1.0039226971012323
29.2857142857 56.7857142857 1.0230256995459508 1.0086638735578104 1.0039226971012323
128.5 21.7142857143 0.029027857070700158 0.010873560220137522 0.0049288773703804935
100.846153846 52.641025641 0.029027857070700158 0.010873560220137522 0.0049288773703804935
79.6666666667 20.1666666667 1.0230256995459508 1.0086638735578104 1.0039226971012323
45.4090909091 91.2272727273 1.0230256995459508 1.0086638735578104 1.0039226971012323
41.25 115.75 0.029027857070700158 0.010873560220137522 0.0049288773703804935
68.3703703704 44.1481481481 0.029027857070700158 0.010873560220137522 0.0049288773703804935
115.083333333 58.75 1.0230256995459508 1.0086638735578104 1.0039226971012323
78.9019607843 61.431372549 1.0230256995459508 1.0086638735578104 1.0039226971012323
89.44 16.68 0.029027857070700158 0.010873560220137522 0.0049288773703804935
62.9677419355 127.516129032 1.0230256995459508 1.0086638735578104 1.0039226971012323
93.3243243243 109.297297297 1.0230256995459508 1.0086638735578104 1.0039226971012323
5.83333333333 42.6666666667 0.029027857070700158 0.010873560220137522 0.0049288773703804935
137.25 92.0 1.0230256995459508 1.0086638735578104 1.0039226971012323
19.6315789474 42.7631578947 0.04806838901040369 0.03048246316131398 0.024537031291949108
78.6176470588 54.3235294118 1.0230256995459508 1.0086638735578104 1.0039226971012323
114.217391304 27.2173913043 1.0230256995459508 1.0086638735578104 1.0039226971012323
145.8 98.4 1.0230256995459508 1.0086638735578104 1.0039226971012323
87.0 92.0 1.0230256995459508 1.0086638735578104 1.0039226971012323
36.3333333333 48.5333333333 1.0230256995459508 1.0086638735578104 1.0039226971012323
65.2916666667 52.25 0.029027857070700158 0.010873560220137522 0.0049288773703804935
75.2380952381 22.7619047619 1.0230256995459508 1.0086638735578104 1.0039226971012323
83.6388888889 51.5833333333 0.029027857070700158 0.010873560220137522 0.0049288773703804935
112.409090909 102.181818182 1.0230256995459508 1.0086638735578104 1.0039226971012323
16.3333333333 72.6666666667 1.0230256995459508 1.0086638735578104 1.0039226971012323
102.705882353 64.8235294118 1.0230256995459508 1.0086638735578104 1.0039226971012323
100.037037037 29.037037037 1.0230256995459508 1.0086638735578104 1.0039226971012323
130.176470588 30.7647058824 1.0230256995459508 1.0086638735578104 1.0039226971012323
62.3333333333 33.0555555556 1.0230256995459508 1.0086638735578104 1.0039226971012323
14.347826087 49.0434782609 1.0230256995459508 1.0086638735578104 1.0039226971012323
136.3 77.45 1.0230256995459508 1.0086638735578104 1.0039226971012323
82.9714285714 108.514285714 1.0230256995459508 1.0086638735578104 1.0039226971012323
97.5333333333 87.2666666667 1.0230256995459508 1.0086638735578104 1.0039226971012323
53.0 114.444444444 1.0230256995459508 1.0086638735578104 1.0039226971012323
7.46666666667 44.1 0.029027857070700158 0.010873560220137522 0.0049288773703804935
93.4482758621 20.4827586207 1.0230256995459508 1.0086638735578104 1.0039226971012323
108.1875 142.90625 0.029027857070700158 0.010873560220137522 0.0049288773703804935
112.384615385 44.8461538462 0.029027857070700158 0.010873560220137522 0.0049288773703804935
86.4285714286 145.321428571 0.029027857070700158 0.010873560220137522 0.0049288773703804935
74.0 143.076923077 0.029027857070700158 0.010873560220137522 0.0049288773703804935
105.736842105 84.0263157895 0.032949484129523726 0.01479534080837279 0.008850508154694231
36.4285714286 17.6571428571 1.0230256995459508 1.0086638735578104 1.0039226971012323
64.3181818182 48.0454545455 1.0230256995459508 1.0086638735578104 1.0039226971012323
124.75 45.65 1.0230256995459508 1.0086638735578104 1.0039226971012323
91.75 58.6666666667 1.0230256995459508 1.0086638735578104 1.0039226971012323
88.4210526316 23.6315789474 0.029027857070700158 0.010873560220137522 0.0049288773703804935
90.8571428571 145.142857143 0.029027857070700158 0.010873560220137522 0.0049288773703804935
137.142857143 26.7142857143 0.029027857070700158 0.010873560220137522 0.0049288773703804935
58.1363636364 147.363636364 1.0230256995459508 1.0086638735578104 1.0039226971012323
105.266666667 100.155555556 0.029027857070700158 0.010873560220137522 0.0049288773703804935
25.6 73.3 0.029027857070700158 0.010873560220137522 0.0049288773703804935
27.696969697 74.9696969697 0.029027857070700158 0.010873560220137522 0.0049288773703804935
113.782608696 21.7391304348 1.0230256995459508 1.0086638735578104 1.0039226971012323
130.071428571 119.5 1.0230256995459508 1.0086638735578104 1.0039226971012323
116.590909091 106.590909091 0.4589626118966403 0.4466497052134997 0.44258192279625524
62.9230769231 132.730769231 1.0230256995459508 1.0086638735578104 1.0039226971012323
42.6428571429 23.8571428571 0.029027857070700158 0.010873560220137522 0.0049288773703804935
111.942857143 78.8 0.04452053263077505 0.02656068257307871 0.02061540050763537
62.0454545455 16.1363636364 1.0230256995459508 1.0086638735578104 1.0039226971012323
54.12 46.52 1.0230256995459508 1.0086638735578104 1.0039226971012323
13.7727272727 69.7272727273 1.0230256995459508 1.0086638735578104 1.0039226971012323
100.12 42.24 1.0230256995459508 1.0086638735578104 1.0039226971012323
39.6060606061 106.484848485 1.0230256995459508 1.0086638735578104 1.0039226971012323
116.605263158 140.078947368 0.029027857070700158 0.010873560220137522 0.0049288773703804935
7.0 48.5 0.08181188880432771 0.07036797503470185 0.06628325879632338
113.24 17.28 1.0230256995459508 1.0086638735578104 1.0039226971012323
88.6875 55.34375 1.0230256995459508 1.0086638735578104 1.0039226971012323
147.3125 31.8125 1.0230256995459508 1.0086638735578104 1.0039226971012323
46.3333333333 107.259259259 1.0230256995459508 1.0086638735578104 1.0039226971012323
16.9565217391 58.652173913 1.0230256995459508 1.0086638735578104 1.0039226971012323
19.1842105263 27.2631578947 1.0230256995459508 1.0086638735578104 1.0039226971012323
117.590909091 15.0 1.0230256995459508 1.0086638735578104 1.0039226971012323
96.6956521739 139.913043478 1.0230256995459508 1.0086638735578104 1.0039226971012323
