128.970588235 69.7058823529 1.0230256995459508 1.0086638735578104 1.0039226971012323
24.9382022472 110.938202247 1.0230256995459508 1.0086638735578104 1.0039226971012323
132.592 57.936 1.007269845546619 0.9929513756210756 0.9882245760351333
97.0 26.4682539683 1.0230256995459508 1.0086638735578104 1.0039226971012323
13.5652173913 5.4347826087 1.0230256995459508 1.0086638735578104 1.0039226971012323
131.534722222 141.229166667 1.0230256995459508 1.0086638735578104 1.0039226971012323
112.702797203 28.4335664336 1.0230256995459508 1.0086638735578104 1.0039226971012323
23.7556818182 45.2784090909 1.0230256995459508 1.0086638735578104 1.0039226971012323
60.7064220183 67.880733945 1.0230256995459508 1.0086638735578104 1.0039226971012323
78.375 107.761904762 1.0230256995459508 1.0086638735578104 1.0039226971012323
86.2611111111 86.0277777778 1.0230256995459508 1.0086638735578104 1.0039226971012323
69.7916666667 43.6805555556 0.05145301054770065 0.03440424374954927 0.028458662076262835
107.210191083 71.949044586 1.0230256995459508 1.0086638735578104 1.0039226971012323
19.7710843373 62.9558232932 0.029027857070700158 0.010873560220137522 0.0049288773703804935
63.645631068 102.131067961 1.0230256995459508 1.0086638735578104 1.0039226971012323
43.3711340206 41.3402061856 1.0230256995459508 1.0086638735578104 1.0039226971012323
143.425531915 39.4680851064 1.0230256995459508 1.0086638735578104 1.0039226971012323
130.351351351 42.1351351351 1.0230256995459508 1.0086638735578104 1.0039226971012323
36.6734693878 133.795918367 1.0230256995459508 1.0086638735578104 1.0039226971012323
53.0490196078 45.6470588235 1.0230256995459508 1.0086638735578104 1.0039226971012323
77.3006535948 5.05882352941 1.0230256995459508 1.0086638735578104 1.0039226971012323
93.0456852792 111.0 1.0230256995459508 1.0086638735578104 1.0039226971012323
41.1803921569 119.898039216 1.0230256995459508 1.0086638735578104 1.0039226971012323
20.3703703704 56.1851851852 1.0230256995459508 1.0086638735578104 1.0039226971012323
126.8 35.1952380952 1.0230256995459508 1.0086638735578104 1.0039226971012323
42.2183406114 89.4934497817 0.029027857070700158 0.010873560220137522 0.0049288773703804935
67.6428571429 45.7987012987 1.0230256995459508 1.0086638735578104 1.0039226971012323
41.9885057471 30.0287356322 1.0230256995459508 1.0086638735578104 1.0039226971012323
41.3032258065 145.032258065 1.0230256995459508 1.0086638735578104 1.0039226971012323
25.0745341615 121.956521739 1.0230256995459508 1.0086638735578104 1.0039226971012323
135.034188034 83.2222222222 1.0230256995459508 1.0086638735578104 1.0039226971012323
79.7707006369 97.7324840764 1.0230256995459508 1.0086638735578104 1.0039226971012323
98.6404494382 122.752808989 1.0230256995459508 1.0086638735578104 1.0039226971012323
80.6763285024 74.38647343 1.0230256995459508 1.0086638735578104 1.0039226971012323
134.337837838 101.486486486 1.0230256995459508 1.0086638735578104 1.0039226971012323
125.057142857 143.857142857 1.0230256995459508 1.0086638735578104 1.0039226971012323
10.9175257732 103.592783505 1.0230256995459508 1.0086638735578104 1.0039226971012323
37.8942307692 86.0288461538 1.0230256995459508 1.0086638735578104 1.0039226971012323
94.9054726368 96.8507462687 1.0230256995459508 1.0086638735578104 1.0039226971012323
64.5064102564 28.7179487179 1.0230256995459508 1.0086638735578104 1.0039226971012323
86.4585987261 129.152866242 1.0230256995459508 1.0086638735578104 1.0039226971012323
82.7625899281 139.73381295 1.0230256995459508 1.0086638735578104 1.0039226971012323
4.61111111111 36.9166666667 1.0230256995459508 1.0086638735578104 1.0039226971012323
70.0631578947 26.8315789474 0.48654796679457174 0.46542788868061796 0.46938151337032946
86.9450549451 42.4065934066 1.0230256995459508 1.0086638735578104 1.0039226971012323
43.1532846715 62.8832116788 1.0230256995459508 1.0086638735578104 1.0039226971012323
79.5543478261 119.592391304 1.0230256995459508 1.0086638735578104 1.0039226971012323
106.38 89.55 1.0230256995459508 1.0086638735578104 1.0039226971012323
124.352941176 91.1437908497 1.0230256995459508 1.0086638735578104 1.0039226971012323
118.92 62.5085714286 1.0230256995459508 1.0086638735578104 1.0039226971012323
142.913907285 51.4635761589 1.0230256995459508 1.0086638735578104 1.0039226971012323
33.6257309942 102.771929825 1.0230256995459508 1.0086638735578104 1.0039226971012323
99.2372881356 44.3983050847 0.4413331007543566 0.4257046821320939 0.424750533990677
71.1941176471 88.8176470588 1.0230256995459508 1.0086638735578104 1.0039226971012323
23.9217877095 144.122905028 1.0230256995459508 1.0086638735578104 1.0039226971012323
129.873333333 129.633333333 1.0230256995459508 1.0086638735578104 1.0039226971012323
41.5268456376 8.06040268456 1.0230256995459508 1.0086638735578104 1.0039226971012323
107.348258706 107.870646766 1.0230256995459508 1.0086638735578104 1.0039226971012323
65.6666666667 38.8888888889 0.4802674231006389 0.46341249930351974 0.46356938103647854
130.135714286 110.771428571 1.0230256995459508 1.0086638735578104 1.0039226971012323
128.14 46.59 0.10176239033902887 0.09224148607412838 0.08903642838847975
145.080882353 115.720588235 1.0230256995459508 1.0086638735578104 1.0039226971012323
6.10869565217 20.347826087 1.0230256995459508 1.0086638735578104 1.0039226971012323
67.9923076923 140.207692308 1.0230256995459508 1.0086638735578104 1.0039226971012323
143.99122807 62.6666666667 1.0230256995459508 1.0086638735578104 1.0039226971012323
116.521212121 98.9696969697 1.0230256995459508 1.0086638735578104 1.0039226971012323
79.5154639175 35.8556701031 1.0230256995459508 1.0086638735578104 1.0039226971012323
56.4965517241 58.4413793103 1.0230256995459508 1.0086638735578104 1.0039226971012323
55.4438502674 126.160427807 1.0230256995459508 1.0086638735578104 1.0039226971012323
25.9323308271 132.421052632 1.0230256995459508 1.0086638735578104 1.0039226971012323
79.8285714286 19.15 1.0230256995459508 1.0086638735578104 1.0039226971012323
5.15151515152 73.6363636364 1.0230256995459508 1.0086638735578104 1.0039226971012323
59.0443037975 86.2025316456 1.0230256995459508 1.0086638735578104 1.0039226971012323
58.34375 144.39375 1.0230256995459508 1.0086638735578104 1.0039226971012323
87.6732673267 6.88118811881 1.0230256995459508 1.0086638735578104 1.0039226971012323
68.5471698113 14.1698113208 1.0230256995459508 1.0086638735578104 1.0039226971012323
109.614754098 127.959016393 1.0230256995459508 1.0086638735578104 1.0039226971012323
133.879396985 77.2814070352 1.0230256995459508 1.0086638735578104 1.0039226971012323
93.1205673759 53.8120567376 0.3719321932044161 0.3600933599689768 0.3561796473149817
45.4910714286 52.9910714286 1.0230256995459508 1.0086638735578104 1.0039226971012323
69.9378238342 130.720207254 1.0230256995459508 1.0086638735578104 1.0039226971012323
118.171597633 80.6568047337 1.0230256995459508 1.0086638735578104 1.0039226971012323
143.1 70.8 1.0230256995459508 1.0086638735578104 1.0039226971012323
96.8873239437 144.408450704 0.438132339443298 0.42077530192754964 0.4214251892588976
51.1578947368 73.4144736842 1.0230256995459508 1.0086638735578104 1.0039226971012323
63.7581395349 116.176744186 1.0230256995459508 1.0086638735578104 1.0039226971012323
21.8713450292 96.5321637427 1.0230256995459508 1.0086638735578104 1.0039226971012323
56.8875 32.625 1.0230256995459508 1.0086638735578104 1.0039226971012323
106.707692308 60.7461538462 1.0230256995459508 1.0086638735578104 1.0039226971012323
49.7847222222 92.8263888889 1.0230256995459508 1.0086638735578104 1.0039226971012323
115.502824859 117.672316384 1.0230256995459508 1.0086638735578104 1.0039226971012323
109.686868687 135.747474747 1.0230256995459508 1.0086638735578104 1.0039226971012323
111.6375 49.79375 1.0230256995459508 1.0086638735578104 1.0039226971012323
97.8248587571 138.677966102 1.0230256995459508 1.0086638735578104 1.0039226971012323
89.5833333333 24.7303921569 0.029027857070700158 0.010873560220137522 0.0049288773703804935
111.297297297 32.8378378378 0.029027857070700158 0.010873560220137522 0.0049288773703804935
59.4642857143 4.7806122449 1.0230256995459508 1.0086638735578104 1.0039226971012323
27.5172413793 85.2471264368 1.0230256995459508 1.0086638735578104 1.0039226971012323
20.56 26.84 1.0230256995459508 1.0086638735578104 1.0039226971012323
93.6727272727 34.9454545455 0.029027857070700158 0.010873560220137522 0.0049288773703804935
